0 3
0 5
0 134
0 12
0 125
0 392
0 313
0 395
0 269
0 71
0 340
0 360
0 63
0 149
1 238
1 288
1 395
1 179
1 413
1 359
1 39
1 436
1 419
1 283
1 504
1 313
1 137
1 269
2 348
2 274
2 382
2 333
2 425
2 441
2 144
2 528
2 246
2 353
2 226
2 319
2 228
2 271
3 16
3 344
3 395
3 350
3 253
3 228
3 178
3 352
3 313
3 416
3 23
3 421
3 119
3 6
4 453
4 241
4 80
4 385
4 300
4 269
4 459
4 485
4 476
4 339
4 6
4 342
4 352
4 114
5 313
5 459
5 134
5 413
5 352
5 16
5 457
5 420
5 103
5 23
5 419
5 14
5 119
5 391
6 366
6 119
6 391
6 16
6 342
6 28
6 385
6 339
6 300
6 23
6 228
6 529
6 103
6 476
7 483
7 268
7 119
7 488
7 63
7 283
7 413
7 52
7 420
7 352
7 134
7 313
7 253
7 332
8 320
8 103
8 23
8 457
8 241
8 342
8 90
8 17
8 124
8 508
8 420
8 119
8 313
9 214
9 226
9 119
9 359
9 296
9 103
9 320
9 90
9 342
9 228
9 529
9 16
9 336
10 366
10 342
10 459
10 359
10 11
10 391
10 341
10 134
10 23
10 323
10 305
10 178
10 253
10 62
11 395
11 342
11 448
11 119
11 16
11 352
11 23
11 344
11 279
11 228
11 240
11 391
11 420
12 339
12 421
12 103
12 71
12 119
12 476
12 352
12 457
12 357
12 459
12 63
12 269
12 485
12 241
13 416
13 459
13 119
13 23
13 391
13 238
13 357
13 16
13 352
13 269
13 57
13 253
13 457
13 14
14 300
14 391
14 279
14 16
14 352
14 342
14 459
14 228
14 319
14 528
14 529
14 307
14 23
15 352
15 134
15 394
15 103
15 203
15 313
15 253
15 419
15 459
15 269
15 189
15 457
15 357
16 241
16 528
16 22
16 485
16 319
16 391
16 119
16 228
16 28
16 300
16 529
16 23
16 342
17 342
17 103
17 23
17 420
17 269
17 119
17 334
17 352
17 448
17 241
17 457
17 459
17 508
17 238
18 178
18 459
18 339
18 334
18 119
18 476
18 103
18 352
18 313
18 366
18 63
18 385
18 288
19 84
19 272
19 437
19 448
19 246
19 22
19 271
19 345
19 274
19 279
19 208
19 23
19 33
19 333
20 395
20 344
20 269
20 338
20 313
20 40
20 453
20 240
20 119
20 104
20 352
21 392
21 269
21 98
21 24
21 63
21 460
21 439
21 137
21 388
21 204
21 245
21 149
22 33
22 319
22 241
22 28
22 119
22 228
22 272
22 208
22 342
22 528
22 529
22 23
23 279
23 352
23 342
23 119
23 328
23 103
23 28
23 319
23 391
23 33
23 529
23 228
24 394
24 313
24 179
24 332
24 419
24 421
24 134
24 352
24 63
24 420
24 40
24 439
24 392
24 204
25 279
25 448
25 342
25 352
25 313
25 178
25 421
25 33
25 269
25 251
25 476
25 459
26 178
26 385
26 307
26 106
26 203
26 416
26 52
26 228
26 419
26 119
26 313
26 134
27 522
27 269
27 195
27 204
27 63
27 392
27 125
27 268
27 394
27 428
27 67
27 352
28 119
28 339
28 228
28 208
28 391
28 300
28 319
28 342
28 528
28 529
29 40
29 88
29 269
29 420
29 394
29 352
29 198
29 488
29 273
29 63
29 457
29 203
29 71
30 68
30 52
30 352
30 253
30 413
30 39
30 40
30 313
30 359
30 453
30 98
30 354
30 288
31 90
31 246
31 300
31 271
31 119
31 420
31 319
31 342
31 352
31 459
31 228
32 328
32 62
32 204
32 392
32 332
32 88
32 243
32 421
32 420
32 476
32 485
32 135
33 279
33 84
33 529
33 274
33 272
33 342
33 319
33 459
33 253
33 339
33 208
33 448
34 459
34 178
34 319
34 391
34 119
34 279
34 274
34 342
34 228
34 476
34 352
35 495
35 508
35 459
35 352
35 420
35 391
35 103
35 320
35 90
35 241
35 342
36 134
36 339
36 352
36 313
36 359
36 63
36 238
36 391
36 420
36 342
36 253
36 103
37 357
37 423
37 395
37 419
37 394
37 457
37 383
37 67
37 269
37 303
37 413
37 436
37 46
37 240
38 279
38 345
38 253
38 84
38 57
38 506
38 353
38 144
38 425
38 333
38 187
38 437
38 472
39 253
39 391
39 395
39 300
39 413
39 279
39 419
39 240
39 238
39 352
39 313
39 119
40 313
40 134
40 300
40 228
40 352
40 342
40 485
40 119
40 420
40 62
40 385
41 106
41 319
41 274
41 271
41 485
41 516
41 313
41 459
41 420
41 352
41 74
42 391
42 253
42 103
42 90
42 228
42 342
42 528
42 320
42 208
43 448
43 485
43 177
43 142
43 103
43 459
43 279
43 413
43 395
43 352
43 269
44 404
44 341
44 344
44 352
44 62
44 253
44 119
44 203
44 391
44 307
44 103
45 506
45 319
45 337
45 264
45 348
45 272
45 84
45 226
45 131
45 208
45 353
45 369
45 368
45 144
46 75
46 238
46 77
46 423
46 313
46 413
46 394
46 134
46 269
46 419
46 240
46 352
47 88
47 124
47 357
47 63
47 332
47 269
47 352
47 459
47 485
47 315
47 77
47 204
47 457
47 420
48 323
48 63
48 288
48 62
48 313
48 71
48 88
48 336
48 352
48 420
48 401
48 119
49 388
49 96
49 332
49 392
49 152
49 95
49 67
49 454
49 457
49 460
49 232
49 436
50 396
50 419
50 127
50 408
50 253
50 403
50 238
50 436
50 437
50 54
50 457
50 391
50 269
50 279
51 178
51 226
51 429
51 94
51 386
51 411
51 312
51 370
51 233
51 253
51 336
51 472
51 461
51 155
52 104
52 385
52 320
52 319
52 352
52 391
52 420
52 419
52 342
52 119
52 228
53 369
53 321
53 441
53 345
53 84
53 333
53 264
53 144
53 271
53 425
53 353
53 274
53 437
54 296
54 238
54 208
54 319
54 274
54 119
54 391
54 272
54 528
54 529
54 271
55 421
55 345
55 274
55 319
55 333
55 328
55 505
55 226
55 62
55 119
55 264
56 476
56 386
56 439
56 384
56 253
56 392
56 98
56 366
56 352
56 288
56 63
56 332
56 269
57 403
57 84
57 408
57 353
57 345
57 333
57 425
57 437
57 528
57 271
57 272
57 144
58 476
58 341
58 62
58 272
58 319
58 253
58 320
58 528
58 342
58 228
59 459
59 391
59 119
59 279
59 228
59 342
59 208
59 319
59 529
60 350
60 459
60 404
60 339
60 228
60 453
60 300
60 508
60 448
60 103
60 342
60 278
61 459
61 323
61 531
61 62
61 63
61 96
61 203
61 253
61 273
61 352
61 416
61 530
61 488
62 385
62 352
62 119
62 342
62 391
62 228
62 319
62 300
62 529
62 178
63 88
63 485
63 323
63 366
63 313
63 476
63 352
63 459
63 457
63 391
63 103
63 420
63 288
64 332
64 341
64 103
64 420
64 350
64 134
64 178
64 323
64 352
64 459
64 300
65 124
65 395
65 352
65 436
65 457
65 332
65 134
65 223
65 340
65 313
65 439
66 204
66 203
66 381
66 388
66 88
66 352
66 124
66 436
66 459
66 269
66 96
66 457
66 327
67 253
67 436
67 203
67 459
67 394
67 269
67 391
67 457
67 419
67 352
67 423
68 404
68 421
68 279
68 178
68 288
68 300
68 366
68 385
68 339
68 291
68 453
68 386
69 151
69 459
69 88
69 406
69 253
69 457
69 98
69 360
69 313
69 413
69 394
70 492
70 516
70 84
70 413
70 353
70 251
70 369
70 299
70 446
70 215
70 281
70 253
70 98
70 375
71 385
71 253
71 103
71 352
71 350
71 395
71 269
71 354
71 359
71 119
71 323
71 313
72 82
72 269
72 95
72 98
72 166
72 137
72 152
72 99
72 460
73 485
73 439
73 313
73 436
73 381
73 416
73 253
73 459
73 457
73 98
73 352
73 269
74 352
74 441
74 313
74 274
74 382
74 119
74 319
74 228
74 516
74 528
74 271
74 307
75 119
75 313
75 359
75 327
75 413
75 423
75 352
75 240
75 394
75 419
76 195
76 196
76 269
76 97
76 390
76 403
76 408
76 357
76 219
77 307
77 269
77 240
77 134
77 485
77 103
77 344
77 459
77 300
77 279
77 420
77 352
78 233
78 166
78 519
78 281
78 251
78 446
78 98
78 377
78 316
78 375
78 299
78 108
78 412
79 197
79 404
79 119
79 246
79 313
79 333
79 228
79 240
79 453
79 344
79 448
79 421
79 307
80 114
80 300
80 485
80 253
80 404
80 313
80 333
80 339
80 436
80 352
80 382
81 348
81 187
81 337
81 333
81 379
81 425
81 247
81 472
81 437
81 353
81 84
81 144
81 506
82 352
82 359
82 395
82 240
82 386
82 88
82 288
82 313
82 420
82 366
82 269
83 457
83 269
83 240
83 490
83 313
83 279
83 419
83 263
83 350
83 302
83 413
84 425
84 253
84 319
84 448
84 226
84 272
84 348
84 144
84 345
84 353
84 208
84 333
85 343
85 313
85 352
85 459
85 269
85 439
85 416
85 423
85 132
85 291
85 457
86 437
86 197
86 425
86 226
86 319
86 353
86 333
86 271
86 528
86 348
86 382
87 420
87 179
87 207
87 428
87 352
87 457
87 343
87 149
87 384
87 488
87 530
88 485
88 103
88 342
88 328
88 320
88 319
88 391
88 238
88 352
88 420
89 307
89 228
89 382
89 271
89 246
89 264
89 279
89 345
89 333
89 425
89 441
89 274
90 228
90 528
90 241
90 508
90 476
90 420
90 119
90 103
90 320
90 529
90 342
91 476
91 178
91 352
91 366
91 118
91 253
91 385
91 323
91 530
92 197
92 483
92 416
92 240
92 311
92 271
92 446
92 116
92 94
92 516
92 269
92 299
92 104
93 350
93 529
93 472
93 404
93 228
93 476
93 246
93 339
93 342
93 300
94 421
94 299
94 429
94 359
94 240
94 313
94 238
94 307
94 177
94 178
94 253
94 448
94 516
95 384
95 388
95 420
95 332
95 436
95 457
95 207
95 232
95 439
95 392
96 403
96 423
96 413
96 416
96 124
96 420
96 352
96 485
96 390
97 204
97 419
97 528
97 459
97 271
97 103
97 328
97 421
97 420
97 352
98 352
98 311
98 448
98 288
98 118
98 313
98 457
98 253
98 269
98 251
99 381
99 359
99 170
99 420
99 384
99 269
99 179
99 134
99 352
99 332
99 315
99 152
100 300
100 366
100 178
100 339
100 529
100 104
100 530
100 385
100 342
100 228
101 241
101 341
101 529
101 319
101 342
101 320
101 528
101 228
102 179
102 420
102 103
102 408
102 196
102 391
102 403
102 357
102 124
102 457
102 389
103 228
103 476
103 459
103 320
103 508
103 241
103 352
103 391
103 529
103 342
104 197
104 178
104 366
104 271
104 344
104 313
104 279
104 448
104 319
104 352
104 189
104 228
105 389
105 388
105 512
105 395
105 451
105 413
105 137
105 158
105 237
105 313
105 346
105 446
105 423
106 178
106 313
106 385
106 119
106 352
106 134
106 416
106 342
106 228
106 300
107 416
107 333
107 253
107 226
107 189
107 307
107 382
107 228
107 348
107 453
107 404
107 177
107 354
108 204
108 281
108 253
108 369
108 420
108 457
108 118
108 251
108 408
108 446
109 495
109 527
109 341
109 350
109 457
109 391
109 352
109 342
109 238
109 241
110 264
110 160
110 348
110 472
110 368
110 226
110 505
110 337
110 131
110 144
110 379
111 459
111 356
111 416
111 385
111 420
111 313
111 485
111 352
111 394
111 288
111 269
111 327
112 437
112 272
112 342
112 528
112 320
112 118
112 352
112 119
112 253
112 139
113 413
113 350
113 457
113 391
113 359
113 352
113 253
113 416
113 420
113 369
113 404
113 508
114 342
114 476
114 529
114 485
114 246
114 459
114 448
114 319
114 300
115 416
115 369
115 119
115 253
115 352
115 228
115 189
115 313
115 226
116 271
116 448
116 404
116 311
116 269
116 253
116 395
116 446
116 299
116 313
116 516
117 528
117 208
117 228
117 319
117 272
117 342
117 348
117 448
118 228
118 251
118 119
118 448
118 334
118 342
118 279
118 253
118 144
118 208
119 328
119 529
119 272
119 391
119 352
119 279
119 228
119 342
119 313
120 251
120 135
120 269
120 403
120 352
120 357
120 459
120 241
120 457
121 420
121 288
121 419
121 490
121 283
121 313
121 320
121 352
121 338
122 274
122 139
122 421
122 279
122 189
122 342
122 448
122 238
122 350
123 366
123 359
123 139
123 339
123 352
123 342
123 228
123 178
123 300
123 385
124 253
124 352
124 459
124 457
124 241
124 342
124 391
124 420
124 313
125 508
125 238
125 352
125 204
125 269
125 439
125 389
125 357
125 421
125 459
125 457
125 178
125 334
126 189
126 311
126 272
126 226
126 353
126 271
126 197
126 333
126 319
126 382
126 253
127 381
127 408
127 403
127 307
127 423
127 419
127 352
127 413
127 391
127 263
128 179
128 210
128 153
128 137
128 151
128 394
128 327
128 283
128 200
128 360
129 343
129 134
129 269
129 279
129 342
129 334
129 459
129 352
129 385
130 333
130 321
130 233
130 264
130 462
130 353
130 345
130 441
130 408
130 425
130 271
130 437
130 299
131 529
131 319
131 348
131 228
131 144
131 272
131 333
131 208
131 226
131 505
132 385
132 300
132 339
132 352
132 453
132 228
132 313
132 416
133 457
133 269
133 488
133 288
133 340
133 313
133 360
133 423
134 385
134 350
134 391
134 313
134 459
134 300
134 420
134 352
134 342
135 476
135 420
135 391
135 241
135 300
135 529
135 342
135 485
135 459
136 341
136 228
136 366
136 385
136 485
136 342
136 300
137 354
137 436
137 307
137 309
137 375
137 313
137 413
137 269
137 197
137 423
137 360
138 419
138 228
138 382
138 359
138 483
138 307
138 416
138 313
138 226
138 453
138 354
138 253
139 421
139 352
139 448
139 319
139 279
139 342
139 178
139 228
139 529
140 278
140 319
140 342
140 421
140 476
140 228
140 505
140 226
141 394
141 435
141 148
141 386
141 453
141 269
141 312
141 314
141 240
142 228
142 274
142 328
142 246
142 333
142 271
142 177
142 448
142 319
142 307
143 508
143 476
143 204
143 243
143 332
143 352
143 495
143 419
143 420
143 485
143 320
144 528
144 472
144 333
144 345
144 348
144 353
144 264
144 208
144 187
144 425
144 437
144 272
145 300
145 319
145 320
145 448
145 228
145 528
145 529
145 342
146 248
146 319
146 403
146 523
146 437
146 357
146 279
146 528
146 271
146 269
147 323
147 419
147 253
147 385
147 228
147 391
147 313
148 420
148 391
148 320
148 241
148 352
148 341
148 328
148 403
148 495
148 204
149 269
149 202
149 343
149 344
149 179
149 394
149 200
149 340
150 291
150 288
150 330
150 439
150 343
150 416
150 356
150 181
150 204
150 179
151 389
151 332
151 394
151 269
151 195
151 413
151 406
151 423
151 419
152 394
152 195
152 457
152 485
152 269
152 352
152 423
152 416
152 436
152 307
153 392
153 394
153 419
153 340
153 200
153 170
153 179
153 195
154 178
154 253
154 332
154 459
154 288
154 313
154 386
154 421
154 439
154 189
155 264
155 345
155 336
155 312
155 296
155 348
155 319
155 271
155 462
155 330
155 226
155 272
155 472
155 228
156 383
156 490
156 420
156 269
156 457
156 352
156 253
156 204
156 436
156 413
157 419
157 189
157 328
157 238
157 178
157 352
157 391
157 307
157 459
158 280
158 274
158 253
158 413
158 516
158 346
158 189
158 404
158 271
158 333
158 197
158 279
158 313
159 437
159 391
159 253
159 269
159 238
159 333
159 313
159 271
159 353
159 352
159 346
159 345
160 272
160 529
160 246
160 342
160 528
160 385
160 348
160 228
161 253
161 178
161 459
161 313
161 381
161 352
161 269
161 419
161 457
162 269
162 457
162 350
162 320
162 234
162 395
162 352
162 421
162 334
163 472
163 377
163 253
163 313
163 388
163 408
163 187
163 281
163 437
164 315
164 508
164 359
164 408
164 234
164 523
164 170
164 392
164 277
164 409
165 423
165 271
165 240
165 394
165 406
165 359
165 462
165 419
165 467
165 413
166 503
166 408
166 437
166 251
166 281
166 377
166 253
166 247
166 299
167 416
167 419
167 179
167 394
167 423
167 343
168 476
168 485
168 253
168 448
168 239
168 272
168 416
168 226
169 370
169 187
169 396
169 224
169 174
169 437
169 281
169 377
169 353
169 247
169 408
170 419
170 349
170 413
170 394
170 389
170 359
170 195
170 315
171 529
171 342
171 366
171 508
171 341
171 320
171 530
171 228
172 485
172 403
172 264
172 436
172 240
172 238
172 457
172 352
172 271
172 269
172 363
173 403
173 345
173 408
173 375
173 226
173 415
173 437
173 253
173 271
173 353
173 435
174 228
174 483
174 382
174 369
174 253
174 264
174 337
174 247
174 353
174 187
175 475
175 216
175 411
175 186
175 431
175 288
175 386
175 455
175 269
175 421
176 427
176 281
176 457
176 245
176 215
176 376
176 496
176 233
177 342
177 178
177 352
177 271
177 300
177 459
177 228
177 246
177 307
177 448
178 228
178 421
178 319
178 336
178 300
178 366
178 352
178 350
178 459
178 342
178 508
179 343
179 391
179 423
179 457
179 419
179 352
179 203
179 269
180 483
180 332
180 253
180 204
180 233
180 476
180 288
180 386
180 384
180 530
181 350
181 342
181 485
181 279
181 391
181 420
181 300
181 352
181 339
182 375
182 240
182 319
182 413
182 435
182 274
182 353
182 280
182 271
182 516
182 197
183 446
183 412
183 388
183 400
183 370
183 512
183 299
183 461
183 367
183 281
183 377
183 224
184 421
184 354
184 453
184 352
184 313
184 419
184 483
184 245
184 423
184 413
184 189
184 269
185 219
185 428
185 283
185 268
185 468
185 250
185 205
186 416
186 348
186 307
186 226
186 313
186 386
186 189
186 429
186 421
186 333
187 279
187 208
187 353
187 319
187 272
187 246
187 437
187 448
187 333
188 457
188 363
188 320
188 208
188 391
188 269
188 352
188 253
188 459
188 279
189 313
189 342
189 228
189 391
189 459
189 339
189 208
189 448
190 305
190 336
190 241
190 334
190 208
190 508
190 352
190 341
190 339
190 342
190 300
191 343
191 413
191 313
191 309
191 375
191 269
191 360
191 423
191 436
191 340
192 464
192 416
192 330
192 410
192 245
192 344
192 269
192 336
192 385
193 292
193 319
193 419
193 382
193 226
193 240
193 404
193 246
193 271
193 228
193 416
194 300
194 334
194 204
194 420
194 269
194 485
194 457
194 352
194 459
195 389
195 394
195 203
195 391
195 257
195 457
195 352
195 419
196 241
196 352
196 238
196 485
196 357
196 459
196 269
196 403
197 253
197 516
197 307
197 391
197 448
197 313
197 333
197 271
197 274
198 336
198 366
198 339
198 278
198 334
198 300
198 313
198 342
198 385
199 203
199 342
199 253
199 457
199 320
199 352
199 241
199 527
199 528
199 420
200 327
200 354
200 283
200 269
200 394
200 413
200 253
200 423
200 313
201 333
201 246
201 429
201 448
201 279
201 395
201 313
201 307
201 344
201 339
202 300
202 488
202 394
202 391
202 389
202 457
202 352
202 203
202 343
203 320
203 300
203 457
203 341
203 420
203 342
203 459
203 241
203 352
203 391
204 391
204 476
204 328
204 342
204 420
204 352
204 485
204 459
204 300
205 457
205 406
205 269
205 283
205 423
205 436
205 210
206 272
206 264
206 369
206 306
206 370
206 251
206 429
206 353
206 437
206 281
207 391
207 342
207 459
207 352
207 339
207 485
207 476
207 420
207 457
208 391
208 319
208 529
208 448
208 279
208 342
208 228
208 272
209 253
209 354
209 359
209 269
209 483
209 313
209 305
210 413
210 436
210 389
210 394
210 421
210 269
210 332
210 457
210 352
211 366
211 339
211 344
211 439
211 392
211 448
211 313
211 421
211 269
212 269
212 383
212 253
212 388
212 360
212 439
212 412
212 370
213 406
213 452
213 458
213 268
213 413
213 283
213 360
214 529
214 238
214 352
214 342
214 228
214 391
214 307
215 269
215 472
215 448
215 483
215 516
215 253
215 226
215 369
215 337
215 375
215 251
216 325
216 353
216 271
216 226
216 269
216 395
216 476
216 312
216 336
216 313
217 359
217 423
217 313
217 327
217 302
217 332
217 419
217 394
217 288
217 413
218 241
218 269
218 357
218 495
218 420
218 352
218 508
218 457
218 485
219 419
219 457
219 308
219 403
219 352
219 495
220 436
220 406
220 423
220 394
220 327
220 360
221 416
221 313
221 413
221 419
221 352
221 423
221 458
221 394
221 406
222 436
222 238
222 420
222 269
222 457
222 300
222 352
222 485
222 334
223 485
223 288
223 313
223 457
223 352
223 332
223 436
223 439
223 238
224 370
224 400
224 333
224 425
224 345
224 253
224 353
224 408
224 281
224 377
224 437
225 246
225 330
225 312
225 296
225 352
225 253
225 448
225 403
225 404
225 233
225 238
226 246
226 228
226 271
226 382
226 353
226 319
226 333
226 505
226 274
227 476
227 307
227 366
227 395
227 300
227 253
227 269
227 352
228 307
228 300
228 528
228 278
228 391
228 382
228 529
228 342
228 319
229 495
229 508
229 352
229 420
229 457
229 391
229 332
230 269
230 394
230 253
230 413
230 516
230 446
230 483
230 327
230 423
231 288
231 279
231 459
231 351
231 313
231 274
231 420
231 362
232 508
232 391
232 436
232 392
232 420
232 357
232 352
232 269
232 459
232 485
232 457
233 264
233 380
233 312
233 269
233 459
233 253
233 352
233 476
234 352
234 385
234 381
234 457
234 420
234 508
234 320
234 459
235 296
235 408
235 395
235 307
235 472
235 312
235 315
235 332
235 333
235 336
235 352
236 352
236 257
236 394
236 420
236 419
236 332
237 263
237 404
237 370
237 446
237 458
237 413
237 313
237 240
237 253
238 272
238 529
238 300
238 313
238 459
238 448
238 352
238 279
238 319
238 391
239 485
239 241
239 459
239 529
239 421
239 300
239 339
239 342
240 246
240 404
240 352
240 271
240 300
240 333
240 279
240 419
241 352
241 528
241 420
241 391
241 320
241 508
241 300
241 342
241 529
241 459
242 512
242 516
242 311
242 460
242 446
242 395
242 363
242 269
242 245
242 299
243 352
243 476
243 342
243 341
243 459
244 328
244 516
244 313
244 441
244 307
244 336
244 359
244 429
245 307
245 274
245 279
245 251
245 333
245 459
245 421
245 253
245 269
245 448
246 529
246 382
246 404
246 274
246 271
246 342
246 448
246 319
247 337
247 281
247 264
247 425
247 483
247 379
247 408
247 353
247 506
247 437
248 359
248 307
248 352
248 395
248 279
248 523
248 357
248 485
248 269
248 403
249 394
249 352
249 283
249 419
249 423
249 313
249 354
249 436
249 390
249 269
250 263
250 327
250 268
250 390
250 436
250 357
250 413
250 423
250 420
250 269
251 271
251 448
251 352
251 319
251 459
251 313
251 253
252 326
252 269
252 268
252 395
252 288
252 483
252 313
252 253
253 391
253 352
253 459
253 333
253 342
253 313
253 448
253 404
254 485
254 291
254 352
254 332
254 288
254 439
254 269
254 386
255 366
255 350
255 508
255 300
255 319
255 459
255 342
255 348
255 448
256 413
256 419
256 423
256 327
256 268
257 343
257 419
257 457
257 352
257 416
257 269
257 391
257 436
258 437
258 357
258 505
258 274
258 328
258 345
258 333
259 490
259 391
259 271
259 419
259 352
259 269
259 423
259 416
260 307
260 506
260 437
260 333
260 306
261 483
261 370
261 353
261 395
261 352
261 437
261 269
261 346
262 296
262 366
262 342
262 352
262 385
262 528
262 319
263 448
263 350
263 420
263 352
263 391
263 413
263 274
263 313
263 271
264 348
264 368
264 319
264 382
264 425
264 271
264 272
265 504
265 316
265 281
265 370
265 483
265 412
265 375
265 369
265 337
265 299
266 366
266 352
266 488
266 334
266 278
266 313
266 476
266 453
266 530
267 307
267 443
267 441
267 413
267 382
267 333
267 274
267 271
267 362
268 391
268 352
268 327
268 457
268 394
268 413
268 428
268 423
268 419
269 352
269 448
269 457
269 459
269 279
269 313
269 391
269 485
270 401
270 443
270 344
270 307
270 279
270 313
270 404
270 274
270 333
271 307
271 333
271 319
271 516
271 382
271 528
271 529
271 274
272 333
272 448
272 348
272 279
272 319
272 529
272 342
272 528
273 300
273 366
273 459
273 391
273 323
273 352
273 420
274 362
274 319
274 328
274 279
274 333
274 448
275 320
275 391
275 313
275 459
275 342
275 528
275 319
276 353
276 505
276 319
276 333
277 419
277 352
277 307
277 476
277 459
277 448
278 385
278 320
278 339
278 528
278 319
278 300
278 476
278 342
278 529
279 313
279 529
279 300
279 448
279 342
279 391
280 516
280 328
280 391
280 448
280 413
280 362
280 319
281 345
281 353
281 408
281 425
281 369
281 437
282 485
282 320
282 342
282 350
282 459
282 508
282 420
282 339
283 391
283 352
283 419
283 423
283 413
283 436
283 332
284 320
284 527
284 342
284 529
284 385
285 429
285 437
285 353
285 333
285 375
285 299
285 448
286 352
286 348
286 528
286 425
286 437
286 368
287 321
287 503
287 506
287 445
287 379
287 377
287 353
287 425
287 408
287 437
288 336
288 476
288 385
288 386
288 420
288 313
288 352
288 366
289 307
289 516
289 333
289 344
289 429
289 448
290 488
290 419
290 420
290 352
290 338
290 313
290 413
291 448
291 300
291 352
291 339
291 342
291 385
292 320
292 319
292 529
292 404
292 459
292 342
292 528
292 391
293 448
293 421
293 439
293 299
293 436
294 451
294 516
294 446
294 316
294 504
294 346
294 369
294 375
294 309
295 319
295 352
295 342
295 459
295 508
295 320
295 350
296 319
296 391
296 352
296 342
296 528
296 529
297 419
297 423
297 394
297 457
297 314
297 357
297 381
298 492
298 369
298 388
298 400
298 423
298 359
298 413
298 462
299 437
299 333
299 448
299 353
299 375
300 352
300 529
300 341
300 350
300 485
300 448
300 339
300 459
300 342
301 382
301 448
301 319
301 368
301 333
301 348
302 448
302 313
302 307
302 350
302 413
303 373
303 423
303 419
303 474
303 394
303 436
303 390
304 528
304 342
304 472
304 334
304 385
305 342
305 339
305 319
305 448
305 352
305 459
306 425
306 333
306 437
306 353
306 506
307 352
307 416
307 333
307 391
307 319
307 448
308 388
308 495
308 352
308 419
308 457
308 357
309 516
309 353
309 375
309 483
309 446
309 369
310 319
310 382
310 333
310 335
310 441
310 348
310 351
311 342
311 339
311 459
311 319
311 448
311 476
311 508
312 476
312 336
312 529
312 319
312 448
312 350
313 404
313 459
313 342
313 352
313 448
313 391
314 395
314 352
314 420
314 416
314 394
314 459
314 457
315 403
315 485
315 320
315 459
315 352
315 420
315 391
316 437
316 413
316 492
316 423
316 408
317 391
317 457
317 508
317 420
317 352
317 320
317 328
317 342
318 476
318 395
318 483
318 429
319 448
319 342
319 391
319 382
319 528
319 529
320 350
320 341
320 459
320 508
320 529
320 391
320 342
321 345
321 437
321 441
321 425
321 353
321 506
322 408
322 333
322 441
322 437
322 362
322 345
322 353
322 425
323 476
323 391
323 352
323 342
323 420
324 359
324 357
324 423
324 428
324 419
325 419
325 391
325 421
325 448
326 448
326 352
326 395
326 508
326 459
326 334
327 528
327 381
327 457
327 419
327 413
327 352
327 391
328 529
328 448
328 342
328 391
329 476
329 448
329 459
329 421
329 508
329 391
330 472
330 352
330 359
330 459
330 508
330 336
331 332
331 476
331 342
331 459
331 352
331 420
331 457
331 485
332 342
332 352
332 366
332 508
332 476
332 485
332 391
332 420
333 505
333 448
333 348
333 382
334 366
334 485
334 339
334 508
334 342
334 459
335 341
335 529
335 391
335 342
336 385
336 342
336 352
336 366
337 472
337 348
337 369
337 483
337 353
338 439
338 339
338 488
338 385
338 420
338 352
338 386
339 529
339 459
339 508
339 342
339 448
339 476
340 343
340 395
340 352
340 357
340 423
340 389
341 529
341 352
341 342
341 391
342 459
342 529
343 419
343 352
343 391
343 459
344 448
344 350
344 352
344 508
344 391
345 437
345 425
345 353
346 445
346 437
346 425
346 353
347 518
347 408
347 492
347 352
347 363
347 457
348 382
348 448
349 352
349 359
349 419
349 457
349 391
350 529
350 391
350 448
350 508
352 420
352 391
352 485
352 459
352 457
352 529
353 382
353 437
353 425
354 459
354 416
354 391
355 382
355 359
355 435
355 508
355 421
356 385
356 420
357 420
357 485
357 403
357 391
357 457
357 459
358 421
358 388
358 495
358 420
358 457
359 420
359 404
360 413
360 419
360 423
361 448
361 459
361 421
362 441
362 443
362 448
363 368
363 485
363 391
363 459
363 457
363 508
364 425
364 421
364 476
364 401
365 420
365 413
365 436
365 375
366 391
366 508
366 385
367 429
367 370
367 375
367 437
369 382
369 425
370 429
370 421
370 437
370 448
371 383
371 421
371 488
371 436
371 386
371 395
371 423
372 457
372 413
372 419
372 394
372 391
373 394
373 423
373 390
373 436
374 395
374 457
375 448
375 437
375 516
376 467
376 457
376 485
377 503
377 506
377 408
377 437
378 421
378 380
378 416
378 419
378 459
379 408
379 437
379 425
379 506
380 476
380 421
380 448
381 420
381 508
381 457
381 459
382 529
382 448
382 528
383 386
383 448
383 476
383 413
383 420
384 420
384 391
384 530
384 410
384 476
384 508
385 529
386 476
386 453
386 421
387 505
387 441
387 425
387 437
388 436
388 420
388 457
389 419
389 420
389 391
389 394
389 459
389 457
390 403
390 436
390 419
390 485
391 529
392 420
392 439
392 421
392 508
392 476
394 413
394 419
394 423
395 448
395 459
396 445
396 401
396 413
396 419
396 437
396 408
397 413
397 421
397 443
397 505
398 505
398 448
398 529
399 437
399 425
399 503
400 408
400 437
401 419
402 445
402 459
402 436
402 439
402 429
402 446
402 421
403 528
403 459
403 529
404 448
404 529
405 423
405 413
406 419
406 413
407 488
408 425
408 437
409 523
409 421
409 476
409 448
409 459
410 485
410 476
410 420
411 429
412 437
412 448
412 436
413 419
414 459
414 421
414 448
415 448
416 485
416 459
416 529
417 457
419 459
420 485
420 459
420 457
421 485
421 459
421 448
422 428
423 436
424 432
424 439
425 441
425 437
426 459
426 485
426 457
426 508
427 459
427 439
427 526
427 436
428 457
429 448
430 459
431 516
431 462
431 508
433 436
433 452
433 451
433 446
434 479
434 459
435 448
435 516
435 528
436 485
436 459
436 448
436 457
437 448
439 448
439 459
439 485
442 516
443 505
444 490
444 457
444 460
446 516
447 459
447 528
447 529
448 459
449 473
449 472
450 529
450 459
450 528
451 516
452 490
452 516
453 529
454 498
455 485
455 476
456 457
456 528
457 485
457 459
459 508
459 529
459 485
460 485
461 472
461 462
461 476
462 516
463 518
464 485
464 529
464 476
465 472
466 508
466 476
467 508
467 485
468 490
470 528
471 528
472 476
476 485
476 529
477 508
479 485
480 485
480 528
480 529
482 503
483 530
485 529
487 495
488 530
491 528
491 516
493 506
494 508
495 529
495 528
496 508
497 508
497 529
498 528
500 528
500 527
502 528
502 529
507 530
507 515
511 527
512 516
514 529
514 518
514 528
516 528
519 528
522 528
523 529
527 529
528 529
