0 168
0 174
0 172
0 167
0 180
0 175
0 176
0 177
0 178
0 179
1 168
1 174
1 172
1 167
1 180
1 175
1 176
1 177
1 178
1 179
2 345
2 362
2 121
2 365
2 367
2 368
2 369
2 133
2 123
2 383
2 265
3 387
3 384
3 382
3 385
3 98
3 269
3 104
3 270
3 103
3 379
3 208
4 174
4 182
4 176
4 123
4 177
4 94
4 178
4 179
4 180
4 531
5 311
5 319
5 299
5 94
5 97
5 98
5 99
5 302
5 100
5 300
5 265
6 190
6 335
6 80
6 318
6 325
6 324
6 323
6 192
6 193
6 319
6 73
7 272
7 403
7 400
7 274
7 401
7 404
7 393
7 275
7 395
7 394
7 373
8 453
8 456
8 181
8 346
8 186
8 516
8 409
8 135
8 105
8 18
8 134
9 170
9 171
9 181
9 179
9 175
9 472
9 123
9 312
9 483
9 214
10 176
10 173
10 182
10 175
10 181
10 177
10 178
10 179
10 180
10 531
11 349
11 342
11 345
11 350
11 333
11 339
11 112
11 113
11 335
11 334
11 365
12 356
12 347
12 349
12 99
12 105
12 346
12 345
12 104
12 343
12 342
12 98
13 346
13 314
13 109
13 420
13 18
13 436
13 186
13 57
13 457
14 385
14 103
14 410
14 291
14 403
14 404
14 288
14 94
14 408
14 409
14 178
15 370
15 373
15 99
15 371
15 246
15 161
15 368
15 367
15 366
15 365
15 362
16 332
16 334
16 203
16 89
16 331
16 330
16 86
16 206
16 326
16 88
16 349
17 333
17 103
17 99
17 334
17 109
17 332
17 331
17 104
17 105
17 327
17 361
18 307
18 90
18 284
18 292
18 291
18 290
18 289
18 288
18 286
18 285
18 341
19 319
19 89
19 98
19 103
19 315
19 100
19 313
19 312
19 311
19 310
19 84
20 176
20 173
20 168
20 175
20 181
20 177
20 178
20 179
20 180
20 531
21 176
21 173
21 168
21 175
21 181
21 177
21 178
21 179
21 180
21 531
22 318
22 309
22 299
22 307
22 70
22 305
22 304
22 71
22 302
22 300
22 139
23 292
23 271
23 280
23 279
23 80
23 277
23 276
23 275
23 274
23 272
23 265
24 354
24 404
24 219
24 221
24 416
24 486
24 490
24 489
24 109
24 421
24 291
25 314
25 90
25 312
25 100
25 310
25 309
25 98
25 304
25 99
25 302
25 348
26 371
26 99
26 370
26 100
26 161
26 198
26 368
26 367
26 366
26 365
26 239
27 175
27 173
27 168
27 181
27 176
27 177
27 178
27 179
27 180
27 531
28 314
28 323
28 98
28 311
28 310
28 309
28 307
28 305
28 304
28 302
28 349
29 172
29 181
29 180
29 175
29 176
29 177
29 394
29 178
29 179
29 531
30 371
30 104
30 370
30 373
30 377
30 364
30 368
30 367
30 366
30 198
30 365
31 113
31 367
31 363
31 112
31 370
31 354
31 362
31 361
31 359
31 358
31 372
32 421
32 403
32 70
32 377
32 282
32 459
32 490
32 354
32 116
32 68
32 178
33 94
33 98
33 99
33 379
33 385
33 377
33 371
33 375
33 263
33 373
33 366
34 379
34 98
34 100
34 377
34 381
34 99
34 259
34 372
34 371
34 370
34 366
35 350
35 345
35 348
35 354
35 346
35 116
35 113
35 343
35 342
35 339
35 367
36 175
36 173
36 169
36 181
36 176
36 177
36 178
36 179
36 180
36 531
37 366
37 362
37 359
37 363
37 113
37 361
37 353
37 358
37 116
37 354
37 372
38 103
38 310
38 403
38 421
38 300
38 299
38 94
38 416
38 419
38 420
38 379
39 312
39 319
39 299
39 309
39 307
39 90
39 305
39 304
39 302
39 300
39 347
40 495
40 241
40 109
40 346
40 416
40 288
40 312
40 208
40 103
40 238
40 371
41 92
41 335
41 94
41 310
41 98
41 315
41 314
41 313
41 312
41 311
41 80
42 170
42 531
42 174
42 169
42 181
42 176
42 177
42 178
42 179
42 180
43 416
43 413
43 313
43 177
43 94
43 178
43 420
43 421
43 422
43 181
43 234
44 92
44 330
44 337
44 100
44 94
44 323
44 98
44 319
44 318
44 99
44 354
45 170
45 176
45 174
45 169
45 181
45 177
45 178
45 179
45 180
45 531
46 346
46 284
46 403
46 52
46 56
46 57
46 288
46 401
46 208
46 292
46 366
47 416
47 219
47 79
47 498
47 299
47 420
47 421
47 382
48 313
48 92
48 311
48 300
48 309
48 307
48 98
48 99
48 100
48 302
48 348
49 170
49 176
49 174
49 169
49 182
49 177
49 178
49 179
49 180
49 181
50 103
50 406
50 419
50 408
50 409
50 282
50 413
50 178
50 416
50 279
50 221
51 177
51 174
51 169
51 176
51 178
51 179
51 180
51 181
51 182
51 531
52 148
52 343
52 348
52 341
52 334
52 339
52 92
52 337
52 216
52 335
52 172
53 177
53 174
53 169
53 176
53 182
53 178
53 179
53 180
53 181
53 531
54 282
54 335
54 487
54 403
54 345
54 400
54 401
54 323
54 432
55 333
55 337
55 345
55 334
55 325
55 332
55 331
55 109
55 112
55 113
55 361
56 391
56 269
56 99
56 268
56 393
56 385
56 272
56 383
56 381
56 271
56 205
57 310
57 318
57 295
57 90
57 304
57 92
57 302
57 300
57 299
57 94
57 348
58 176
58 174
58 169
58 182
58 177
58 178
58 179
58 180
58 181
58 531
59 100
59 332
59 337
59 99
59 318
59 103
59 104
59 323
59 107
59 319
59 358
60 174
60 183
60 177
60 178
60 179
60 180
60 181
60 182
60 531
61 176
61 174
61 169
61 182
61 177
61 178
61 179
61 180
61 181
61 531
62 476
62 292
62 228
62 323
62 208
62 68
62 198
62 394
63 175
63 173
63 181
63 180
63 176
63 177
63 288
63 178
63 179
63 432
64 176
64 174
64 169
64 182
64 177
64 178
64 179
64 180
64 181
64 531
65 170
65 176
65 174
65 169
65 182
65 177
65 178
65 179
65 180
65 181
66 170
66 176
66 174
66 169
66 182
66 177
66 178
66 179
66 180
66 181
67 318
67 97
67 315
67 306
67 313
67 312
67 311
67 310
67 309
67 104
67 352
68 333
68 337
68 343
68 334
68 323
68 332
68 331
68 109
68 326
68 325
68 360
69 94
69 271
69 395
69 394
69 272
69 400
69 389
69 393
69 392
69 391
69 371
70 307
70 314
70 295
70 302
70 98
70 300
70 299
70 99
70 100
70 296
70 347
71 432
71 360
71 424
71 439
71 279
71 359
71 186
71 436
71 276
71 187
71 377
72 175
72 173
72 168
72 181
72 176
72 177
72 178
72 179
72 180
72 531
73 309
73 318
73 296
73 305
73 90
73 302
73 92
73 300
73 299
73 94
73 347
74 178
74 528
74 103
74 335
74 382
74 123
74 368
74 393
75 458
75 401
75 219
75 490
75 99
75 113
75 349
75 413
76 531
76 173
76 168
76 175
76 181
76 176
76 177
76 178
76 179
76 180
77 394
77 409
77 421
77 178
77 413
77 288
77 416
77 181
77 419
77 420
77 186
78 345
78 274
78 421
78 119
78 160
78 472
78 228
78 112
78 366
78 368
78 393
79 331
79 333
79 86
79 99
79 330
79 89
79 94
79 323
79 319
79 318
79 354
80 391
80 385
80 382
80 387
80 393
80 92
80 268
80 381
80 94
80 377
80 204
81 333
81 131
81 443
81 272
81 144
81 274
81 345
81 362
81 369
82 176
82 173
82 531
82 175
82 181
82 177
82 178
82 179
82 180
83 208
83 413
83 313
83 416
83 94
83 490
83 206
83 119
83 441
84 313
84 289
84 299
84 296
84 295
84 293
84 292
84 291
84 88
84 265
85 170
85 176
85 174
85 169
85 177
85 178
85 179
85 180
85 181
86 508
86 403
86 346
86 228
86 425
86 333
86 119
86 189
86 445
87 508
87 292
87 178
87 483
87 208
87 109
87 476
87 416
87 311
88 97
88 420
88 308
88 312
88 184
88 421
88 422
88 300
88 236
89 345
89 346
89 443
89 362
89 368
89 369
89 441
89 274
89 421
90 408
90 104
90 313
90 177
90 409
90 173
90 99
90 413
90 416
90 176
90 382
91 169
91 531
91 173
91 168
91 180
91 175
91 176
91 177
91 178
91 179
92 410
92 420
92 94
92 103
92 429
92 421
92 177
92 178
92 181
92 236
93 174
93 172
93 168
93 180
93 175
93 176
93 177
93 178
93 179
93 531
94 208
94 346
94 331
94 337
94 335
94 334
94 333
94 332
94 350
95 175
95 173
95 531
95 181
95 176
95 177
95 178
95 179
95 180
95 282
96 174
96 172
96 168
96 180
96 175
96 176
96 177
96 178
96 179
96 300
97 113
97 349
97 395
97 112
97 476
97 346
97 208
97 472
97 109
98 270
98 269
98 272
98 271
98 391
98 380
98 385
98 384
98 274
98 208
99 354
99 345
99 347
99 104
99 112
99 109
99 343
99 342
99 341
99 339
99 365
100 361
100 121
100 123
100 358
100 362
100 122
100 349
100 354
100 353
100 350
100 113
101 371
101 366
101 208
101 350
101 416
101 490
102 174
102 172
102 168
102 180
102 175
102 176
102 177
102 178
102 179
102 531
103 277
103 272
103 270
103 268
103 269
103 271
103 275
103 273
103 274
103 265
104 335
104 339
104 337
104 334
104 333
104 332
104 331
104 359
105 158
105 483
105 401
105 409
105 112
105 214
105 416
105 109
105 142
106 174
106 172
106 168
106 180
106 175
106 176
106 177
106 178
106 179
106 531
107 404
107 310
107 109
107 177
107 409
107 416
107 300
107 421
107 436
108 169
108 531
108 173
108 168
108 180
108 175
108 176
108 177
108 178
108 179
109 302
109 292
109 280
109 289
109 288
109 286
109 284
109 282
109 281
109 265
110 169
110 175
110 173
110 168
110 180
110 176
110 177
110 178
110 179
110 531
111 476
111 490
111 468
111 439
111 421
111 416
111 129
112 333
112 313
112 319
112 318
112 315
112 314
112 354
113 333
113 343
113 334
113 332
113 331
113 330
113 358
114 345
114 160
114 369
114 274
114 472
114 443
114 119
114 362
115 483
115 476
115 516
115 410
115 208
115 453
116 331
116 334
116 342
116 332
116 326
116 325
116 323
116 360
117 385
117 292
117 295
117 403
117 404
117 406
117 409
117 410
117 377
118 176
118 173
118 168
118 175
118 181
118 177
118 178
118 179
118 180
118 531
119 332
119 330
119 326
119 325
119 323
119 198
119 163
120 177
120 175
120 176
120 420
120 259
120 323
120 476
120 187
120 416
121 349
121 341
121 343
121 350
121 334
121 339
121 335
121 365
122 368
122 363
122 366
122 371
122 364
122 358
122 362
122 193
122 359
122 361
123 307
123 295
123 282
123 292
123 291
123 290
123 289
123 288
123 284
124 350
124 323
124 345
124 408
124 208
124 476
124 292
125 400
125 401
125 395
125 394
125 403
125 393
125 392
125 391
125 372
126 495
126 292
126 354
126 187
126 416
126 421
126 353
126 483
126 457
127 490
127 339
127 208
127 343
127 472
127 204
127 203
128 175
128 173
128 168
128 181
128 176
128 177
128 178
128 179
128 180
128 531
129 404
129 419
129 409
129 410
129 178
129 181
129 416
129 184
130 175
130 173
130 168
130 181
130 176
130 177
130 178
130 179
130 180
130 531
131 483
131 443
131 226
131 353
131 206
131 416
131 208
131 476
132 187
132 186
132 323
132 436
132 441
132 312
132 189
132 313
132 452
133 360
133 358
133 362
133 349
133 354
133 353
133 352
133 350
134 319
134 326
134 309
134 316
134 315
134 314
134 313
134 312
134 311
134 310
134 366
135 370
135 255
135 371
135 160
135 199
135 368
135 367
135 366
135 365
135 198
136 331
136 333
136 341
136 330
136 323
137 175
137 173
137 181
137 180
137 176
137 177
137 178
137 186
137 179
137 531
138 175
138 173
138 168
138 181
138 176
138 177
138 178
138 179
138 180
138 531
139 476
139 319
139 219
139 291
139 468
139 339
139 323
139 187
139 198
140 176
140 177
140 175
140 368
140 144
140 443
140 476
140 528
140 394
140 257
141 175
141 173
141 168
141 181
141 176
141 177
141 178
141 179
141 180
141 531
142 371
142 158
142 157
142 372
142 365
142 255
142 368
142 367
142 366
142 363
143 464
143 300
143 459
143 204
143 198
143 447
144 337
144 339
144 345
144 208
144 335
144 334
144 333
144 332
144 331
144 350
145 311
145 299
145 307
145 306
145 304
145 302
145 300
145 346
146 176
146 173
146 168
146 175
146 181
146 177
146 178
146 179
146 180
146 531
147 372
147 367
147 370
147 246
147 368
147 361
147 366
147 365
147 363
147 362
148 347
148 350
148 348
148 341
148 346
148 345
148 221
148 343
148 342
148 353
149 176
149 173
149 531
149 175
149 168
149 177
149 178
149 179
149 180
149 181
150 169
150 175
150 173
150 168
150 181
150 176
150 177
150 178
150 179
150 180
151 393
151 381
151 382
151 383
151 240
152 169
152 175
152 173
152 168
152 180
152 176
152 177
152 178
152 179
152 531
153 332
153 187
153 189
153 334
153 198
153 452
153 453
154 169
154 175
154 173
154 168
154 180
154 176
154 177
154 178
154 179
154 531
155 169
155 175
155 173
155 168
155 180
155 176
155 177
155 178
155 179
155 531
156 169
156 175
156 173
156 168
156 180
156 176
156 177
156 178
156 179
156 531
157 400
157 346
157 490
157 358
157 312
158 436
158 359
158 358
158 272
158 274
158 439
158 356
158 441
158 279
159 178
159 186
159 187
159 323
159 177
159 319
159 189
159 441
160 310
160 420
160 304
160 300
160 173
160 416
160 177
160 419
160 379
161 279
161 312
161 457
161 495
161 490
161 401
161 453
162 175
162 178
162 401
162 394
162 476
162 323
162 334
163 406
163 395
163 409
163 420
163 176
163 300
163 416
163 177
163 178
163 189
164 436
164 331
164 416
164 409
164 240
164 259
165 354
165 403
165 240
165 391
165 393
165 401
165 385
166 354
166 476
166 208
166 219
166 468
166 346
167 168
167 174
167 172
167 531
167 180
167 175
167 176
167 177
167 178
167 179
168 174
168 172
168 180
168 175
168 176
168 177
168 178
168 179
168 531
169 174
169 172
169 180
169 175
169 176
169 177
169 178
169 179
169 531
170 313
170 198
170 312
170 490
170 323
170 187
170 448
170 394
171 441
171 323
171 193
171 274
171 443
171 447
171 198
172 429
172 427
172 421
172 436
172 274
172 181
172 272
172 271
172 219
173 371
173 370
173 372
173 241
173 365
173 368
173 367
173 366
173 361
174 531
174 180
174 175
174 176
174 177
174 178
174 179
175 180
175 176
175 177
175 178
175 179
175 531
176 272
176 393
176 388
176 391
176 394
176 383
176 387
176 274
176 385
177 358
177 353
177 359
177 350
177 349
177 348
177 346
177 345
177 181
178 315
178 295
178 304
178 302
178 300
178 299
178 296
178 265
179 421
179 323
179 432
179 422
179 426
179 313
179 312
179 429
179 236
180 531
181 339
181 343
181 349
181 331
181 337
181 335
181 334
181 333
181 332
181 350
182 531
183 531
184 373
184 377
184 380
184 263
184 372
184 371
184 370
184 366
185 531
186 310
186 318
186 295
186 302
186 300
186 299
186 296
186 348
187 282
187 292
187 291
187 289
187 288
187 284
187 265
188 371
188 346
188 208
189 339
189 341
189 347
189 332
189 207
189 337
189 208
189 335
189 334
189 333
189 349
190 457
190 432
190 366
190 346
190 410
191 208
191 441
191 335
191 445
191 323
192 498
192 476
192 219
192 291
192 416
192 259
193 312
193 483
193 331
193 443
193 323
193 441
193 391
194 259
194 498
194 468
194 291
194 416
195 435
195 436
195 312
195 422
195 308
195 360
195 241
196 219
196 354
196 394
196 450
196 403
196 404
196 483
196 291
198 304
198 293
198 282
198 291
198 290
198 289
198 288
198 284
199 439
199 441
199 279
199 447
199 345
201 259
201 404
201 409
201 346
201 241
202 531
203 354
203 358
203 365
203 353
203 350
203 349
203 370
204 208
204 342
204 348
204 333
204 339
204 337
204 335
204 334
204 350
205 498
205 458
205 427
205 219
205 334
205 208
205 490
205 421
206 370
206 365
206 368
206 366
206 359
206 363
206 362
206 360
206 361
207 395
207 275
207 393
207 391
207 394
207 385
207 388
207 371
208 292
208 273
208 281
208 280
208 279
208 277
208 276
208 275
208 274
208 265
209 531
210 531
211 531
212 531
213 419
213 292
213 439
213 476
213 366
214 348
214 221
214 349
214 346
214 345
214 343
214 342
215 531
216 353
216 346
216 349
216 347
216 345
216 343
216 342
216 365
217 531
218 241
218 346
219 310
219 295
219 293
219 292
219 291
219 289
219 288
219 342
220 531
221 353
221 345
221 354
221 343
221 342
221 339
221 365
222 312
222 470
222 472
222 490
222 323
222 394
223 346
223 453
224 353
224 531
225 531
226 312
226 313
226 421
226 425
226 300
226 429
226 382
227 531
228 373
228 376
228 257
228 367
228 371
228 370
228 369
228 368
228 364
229 334
229 495
229 346
229 416
229 508
230 483
230 407
230 394
230 416
230 490
231 531
232 413
232 420
232 313
232 436
232 429
232 432
232 236
233 531
234 370
234 373
234 256
234 371
234 255
234 257
234 368
234 367
234 366
234 365
235 350
235 354
235 359
235 349
235 346
235 345
236 334
236 325
236 323
236 319
236 318
237 408
237 403
237 385
237 349
238 319
238 331
238 316
238 314
238 313
238 312
238 311
238 310
238 309
238 353
239 404
239 409
239 413
239 410
239 268
239 266
239 334
240 311
240 318
240 307
240 305
240 304
240 302
240 300
240 299
240 347
241 309
241 295
241 284
241 293
241 292
241 291
241 289
241 288
241 341
242 531
243 288
243 401
243 302
243 346
243 416
243 453
244 531
245 361
245 531
246 377
246 323
246 339
246 430
246 441
246 443
247 281
247 286
247 369
249 531
250 531
251 280
251 404
251 406
251 409
251 408
251 410
251 276
251 403
251 401
252 531
253 271
253 279
253 483
253 531
254 259
254 416
254 476
254 346
254 394
254 361
255 346
255 337
255 335
255 334
255 333
255 332
255 331
255 358
256 420
256 346
256 468
256 495
257 334
257 315
257 323
257 319
257 318
258 435
258 313
258 427
258 365
258 441
258 443
258 445
259 295
259 292
259 291
259 289
259 288
259 285
259 284
259 265
260 453
260 333
260 429
260 421
260 472
260 404
260 516
260 366
261 346
261 404
261 495
261 483
261 476
261 453
262 349
262 475
262 291
262 472
262 346
263 313
263 302
263 290
263 300
263 299
263 295
263 293
263 292
263 291
263 342
264 323
264 439
264 441
264 319
264 429
264 313
264 443
264 445
264 387
265 361
265 346
265 382
265 483
265 406
266 439
266 429
266 441
266 443
266 339
268 332
268 343
268 334
268 325
268 331
268 327
268 358
269 319
269 331
269 308
269 314
269 313
269 312
269 311
269 310
269 309
269 350
270 323
270 335
270 314
270 319
270 315
270 354
271 311
271 319
271 296
271 307
271 304
271 302
271 300
271 299
271 347
272 330
272 314
272 319
272 318
272 316
272 315
272 343
273 342
273 354
273 334
273 429
273 459
274 337
274 339
274 345
274 330
274 335
274 334
274 333
274 332
274 331
274 350
275 368
275 365
275 361
275 366
275 362
275 360
275 359
275 358
275 373
276 300
276 424
276 291
276 416
276 419
276 420
276 421
276 288
276 377
277 427
277 439
277 312
278 531
279 372
279 371
279 373
279 377
279 366
279 370
279 367
279 363
280 367
280 363
280 361
280 368
280 362
280 360
280 359
280 358
281 369
281 367
281 366
281 368
281 371
281 362
281 361
282 379
282 377
282 370
282 373
282 372
282 371
282 366
284 393
284 394
284 391
284 395
284 387
284 370
285 360
285 362
285 436
285 373
285 371
286 429
286 400
286 495
287 445
288 372
288 368
288 370
288 363
288 367
288 366
288 365
288 404
289 312
289 313
289 319
289 300
289 420
289 421
289 429
290 365
290 354
290 419
290 420
290 318
291 315
291 293
291 302
291 300
291 299
291 296
291 295
291 345
292 373
292 367
292 371
292 377
292 368
292 366
292 365
292 363
292 361
292 362
293 483
293 490
293 441
293 479
293 476
293 426
294 531
295 335
295 339
295 345
295 334
295 333
295 332
295 331
295 330
295 361
296 409
296 413
296 419
296 420
296 421
296 424
296 435
297 531
298 531
299 358
299 362
299 359
299 365
299 350
299 354
299 353
299 352
299 370
300 343
300 346
300 342
300 341
300 339
300 337
300 353
301 531
302 390
302 393
302 385
303 531
304 323
304 441
304 447
304 443
304 445
305 416
305 421
305 354
305 483
305 476
306 483
307 314
307 310
307 312
307 315
307 429
307 439
308 492
308 318
308 346
308 450
308 392
309 424
309 313
309 421
309 312
309 435
309 436
310 370
310 365
310 368
310 366
310 358
310 363
310 362
310 359
310 361
311 373
311 367
311 371
311 368
311 366
311 365
311 363
311 361
311 362
312 315
313 319
313 330
313 315
313 314
313 350
314 404
314 416
314 409
314 410
314 413
315 395
315 394
315 401
315 393
315 391
315 371
316 401
316 490
316 453
317 531
318 358
318 361
318 359
318 363
318 349
318 354
318 353
318 350
319 326
319 330
319 337
319 323
320 342
320 508
321 333
321 429
321 445
321 323
321 368
321 443
322 531
324 332
324 366
324 432
324 490
324 436
325 475
325 409
325 403
325 342
326 416
326 420
326 421
326 385
327 346
327 404
327 372
327 360
327 413
328 531
328 420
328 527
328 394
328 361
329 531
330 420
330 441
330 435
331 353
332 349
332 342
332 334
332 339
332 337
332 335
333 369
333 363
333 367
333 371
333 365
333 361
333 359
333 358
333 362
335 341
335 358
336 366
336 531
337 394
337 401
337 403
337 404
337 406
337 424
338 531
338 366
339 348
340 531
341 401
341 421
341 413
341 416
341 420
341 381
343 379
343 380
343 384
343 377
343 370
343 371
343 366
344 371
344 366
344 420
344 429
344 459
345 349
347 424
347 426
347 429
347 432
348 391
348 388
348 390
348 393
348 387
348 385
349 353
351 362
351 403
351 508
351 429
351 441
352 404
352 360
352 498
352 361
352 492
352 495
355 368
355 441
356 419
356 420
356 421
357 358
357 371
357 394
357 377
357 391
357 393
357 385
358 373
358 368
358 371
358 375
358 363
358 367
358 366
358 365
358 361
360 404
360 408
360 409
360 400
360 403
360 401
363 370
363 365
363 368
363 372
363 366
363 364
364 447
364 453
364 385
369 421
369 429
369 436
369 437
370 373
370 371
370 377
372 392
372 400
372 403
372 404
372 401
372 394
372 396
374 531
375 403
375 391
375 421
375 408
375 409
375 416
375 377
376 472
376 485
376 508
376 403
376 443
378 531
379 387
379 384
380 391
380 408
380 409
380 410
380 416
381 404
381 409
381 406
381 401
381 403
383 422
383 435
384 391
384 404
384 406
384 408
384 409
384 410
384 413
386 508
386 472
386 409
386 479
386 459
388 404
388 394
388 420
388 409
388 413
388 416
388 417
389 457
389 421
389 432
389 391
390 394
390 395
392 416
392 404
392 394
396 404
396 409
396 483
396 408
398 490
398 434
398 443
398 441
398 439
400 404
402 531
405 531
407 416
407 490
411 531
412 531
414 531
418 479
418 476
423 424
423 436
423 429
423 439
425 490
425 472
430 472
431 531
434 442
438 531
438 508
440 490
444 490
449 531
451 495
451 483
451 476
454 531
455 490
460 531
461 472
462 490
462 476
462 472
463 483
463 490
466 490
466 484
466 476
469 531
471 531
474 485
474 476
477 531
478 483
480 531
482 531
486 490
488 531
489 495
489 490
491 531
492 495
492 498
494 531
496 531
497 531
500 531
501 531
505 531
507 531
510 531
511 531
513 531
519 531
523 531
524 531
525 531
