0 170
0 171
0 173
0 174
0 168
0 172
0 167
0 180
0 175
0 176
0 177
0 178
0 179
1 170
1 171
1 173
1 174
1 168
1 172
1 167
1 180
1 175
1 176
1 177
1 178
1 179
2 136
2 346
2 359
2 345
2 362
2 121
2 365
2 367
2 368
2 369
2 133
2 123
2 383
2 265
3 272
3 364
3 98
3 104
3 379
3 103
3 270
3 382
3 269
3 384
3 385
3 100
3 387
3 208
4 181
4 175
4 170
4 174
4 182
4 176
4 123
4 177
4 94
4 178
4 179
4 180
4 531
5 92
5 309
5 318
5 311
5 319
5 299
5 94
5 97
5 98
5 99
5 302
5 100
5 300
5 265
6 332
6 334
6 326
6 190
6 335
6 80
6 318
6 325
6 324
6 323
6 192
6 193
6 319
6 73
7 103
7 389
7 282
7 404
7 393
7 394
7 395
7 275
7 274
7 400
7 401
7 272
7 403
7 373
8 395
8 103
8 70
8 516
8 409
8 18
8 105
8 135
8 346
8 181
8 186
8 453
8 456
8 134
9 180
9 174
9 177
9 181
9 179
9 171
9 170
9 175
9 472
9 123
9 312
9 483
9 214
10 172
10 174
10 176
10 169
10 173
10 182
10 175
10 181
10 177
10 178
10 179
10 180
10 531
11 107
11 346
11 109
11 342
11 349
11 345
11 350
11 333
11 339
11 112
11 113
11 335
11 334
11 365
12 353
12 350
12 103
12 347
12 356
12 349
12 99
12 105
12 346
12 345
12 104
12 343
12 342
12 98
13 268
13 134
13 67
13 346
13 314
13 109
13 420
13 18
13 436
13 186
13 57
13 457
14 292
14 299
14 394
14 385
14 103
14 410
14 291
14 403
14 404
14 288
14 94
14 408
14 409
14 178
15 160
15 372
15 98
15 370
15 373
15 99
15 371
15 246
15 161
15 368
15 367
15 366
15 365
15 362
16 333
16 337
16 332
16 339
16 334
16 203
16 89
16 331
16 330
16 86
16 206
16 326
16 88
16 349
17 339
17 335
17 333
17 343
17 103
17 99
17 334
17 109
17 332
17 331
17 104
17 105
17 327
17 361
18 293
18 84
18 296
18 307
18 90
18 284
18 292
18 291
18 290
18 289
18 288
18 286
18 285
18 341
19 323
19 90
19 99
19 319
19 89
19 98
19 103
19 315
19 100
19 313
19 312
19 311
19 310
19 84
20 172
20 174
20 176
20 169
20 173
20 168
20 175
20 181
20 177
20 178
20 179
20 180
20 531
21 172
21 174
21 176
21 169
21 173
21 168
21 175
21 181
21 177
21 178
21 179
21 180
21 531
22 69
22 68
22 311
22 318
22 309
22 299
22 307
22 70
22 305
22 304
22 71
22 302
22 300
22 139
23 281
23 291
23 79
23 292
23 271
23 280
23 279
23 80
23 277
23 276
23 275
23 274
23 272
23 265
24 59
24 495
24 459
24 354
24 404
24 219
24 221
24 416
24 486
24 490
24 489
24 109
24 421
24 291
25 318
25 92
25 311
25 314
25 90
25 312
25 100
25 310
25 309
25 98
25 304
25 99
25 302
25 348
26 362
26 373
26 98
26 371
26 99
26 370
26 100
26 161
26 198
26 368
26 367
26 366
26 365
26 239
27 172
27 174
27 175
27 169
27 173
27 168
27 181
27 176
27 177
27 178
27 179
27 180
27 531
28 319
28 312
28 92
28 314
28 323
28 98
28 311
28 310
28 309
28 307
28 305
28 304
28 302
28 349
29 173
29 170
29 174
29 172
29 181
29 180
29 175
29 176
29 177
29 394
29 178
29 179
29 531
30 348
30 377
30 364
30 198
30 366
30 367
30 368
30 370
30 371
30 373
30 263
30 104
30 103
30 365
31 334
31 370
31 354
31 358
31 359
31 361
31 362
31 363
31 113
31 112
31 366
31 367
31 368
31 372
32 429
32 123
32 119
32 421
32 403
32 70
32 377
32 282
32 459
32 490
32 354
32 116
32 68
32 178
33 354
33 369
33 385
33 371
33 373
33 263
33 375
33 99
33 377
33 98
33 379
33 380
33 94
33 366
34 352
34 367
34 381
34 259
34 370
34 371
34 372
34 100
34 99
34 98
34 377
34 257
34 379
34 366
35 349
35 353
35 112
35 350
35 345
35 348
35 354
35 346
35 116
35 113
35 343
35 342
35 339
35 367
36 170
36 174
36 171
36 175
36 173
36 169
36 181
36 176
36 177
36 178
36 179
36 180
36 531
37 125
37 350
37 113
37 353
37 354
37 116
37 358
37 359
37 361
37 362
37 363
37 365
37 366
37 372
38 394
38 163
38 404
38 103
38 310
38 403
38 421
38 300
38 299
38 94
38 416
38 419
38 420
38 379
39 88
39 310
39 318
39 312
39 319
39 299
39 309
39 307
39 90
39 305
39 304
39 302
39 300
39 347
40 48
40 432
40 495
40 241
40 109
40 346
40 416
40 288
40 312
40 208
40 103
40 238
40 371
41 332
41 334
41 319
41 92
41 335
41 94
41 310
41 98
41 315
41 314
41 313
41 312
41 311
41 80
42 172
42 173
42 175
42 531
42 170
42 174
42 169
42 181
42 176
42 177
42 178
42 179
42 180
43 103
43 176
43 416
43 105
43 413
43 313
43 177
43 94
43 178
43 420
43 421
43 422
43 181
43 234
44 90
44 333
44 92
44 335
44 330
44 337
44 100
44 94
44 323
44 98
44 319
44 318
44 99
44 354
45 172
45 173
45 175
45 176
45 170
45 174
45 169
45 181
45 177
45 178
45 179
45 180
45 531
46 472
46 393
46 476
46 346
46 284
46 403
46 52
46 56
46 57
46 288
46 401
46 208
46 292
46 366
47 346
47 291
47 109
47 416
47 219
47 79
47 498
47 299
47 420
47 421
47 382
48 94
48 319
48 310
48 313
48 92
48 311
48 300
48 309
48 307
48 98
48 99
48 100
48 302
48 348
49 172
49 173
49 175
49 176
49 170
49 174
49 169
49 182
49 177
49 178
49 179
49 180
49 181
50 94
50 292
50 403
50 103
50 406
50 419
50 408
50 409
50 282
50 413
50 178
50 416
50 279
50 221
51 173
51 175
51 177
51 170
51 174
51 169
51 176
51 178
51 179
51 180
51 181
51 182
51 531
52 90
52 342
52 148
52 347
52 343
52 348
52 341
52 334
52 339
52 92
52 337
52 216
52 335
52 172
53 173
53 175
53 177
53 170
53 174
53 169
53 176
53 182
53 178
53 179
53 180
53 181
53 531
54 490
54 346
54 282
54 371
54 335
54 487
54 403
54 345
54 400
54 401
54 323
54 432
55 339
55 335
55 333
55 104
55 337
55 345
55 334
55 325
55 332
55 331
55 109
55 112
55 113
55 361
56 274
56 109
56 393
56 272
56 271
56 381
56 383
56 99
56 385
56 269
56 268
56 388
56 391
56 205
57 315
57 307
57 88
57 310
57 318
57 295
57 90
57 304
57 92
57 302
57 300
57 299
57 94
57 348
58 173
58 175
58 176
58 170
58 174
58 169
58 182
58 177
58 178
58 179
58 180
58 181
58 531
59 333
59 331
59 100
59 98
59 332
59 337
59 99
59 318
59 103
59 104
59 323
59 107
59 319
59 358
60 175
60 176
60 170
60 174
60 183
60 177
60 178
60 179
60 180
60 181
60 182
60 531
61 173
61 175
61 176
61 170
61 174
61 169
61 182
61 177
61 178
61 179
61 180
61 181
61 531
62 282
62 228
62 323
62 198
62 68
62 208
62 476
62 219
62 292
62 394
63 172
63 174
63 175
63 169
63 173
63 181
63 180
63 176
63 177
63 288
63 178
63 179
63 432
64 173
64 175
64 176
64 170
64 174
64 169
64 182
64 177
64 178
64 179
64 180
64 181
64 531
65 172
65 173
65 175
65 176
65 170
65 174
65 169
65 182
65 177
65 178
65 179
65 180
65 181
66 172
66 173
66 175
66 176
66 170
66 174
66 169
66 182
66 177
66 178
66 179
66 180
66 181
67 99
67 98
67 314
67 318
67 97
67 315
67 306
67 313
67 312
67 311
67 310
67 309
67 104
67 352
68 339
68 335
68 333
68 342
68 337
68 343
68 334
68 323
68 332
68 331
68 109
68 326
68 325
68 360
69 385
69 373
69 97
69 400
69 389
69 391
69 392
69 393
69 394
69 395
69 272
69 94
69 271
69 371
70 312
70 97
70 313
70 307
70 314
70 295
70 302
70 98
70 300
70 299
70 99
70 100
70 296
70 347
71 332
71 181
71 432
71 362
71 360
71 424
71 439
71 279
71 359
71 186
71 436
71 276
71 187
71 377
72 172
72 174
72 175
72 169
72 173
72 168
72 181
72 176
72 177
72 178
72 179
72 180
72 531
73 314
73 307
73 315
73 309
73 318
73 296
73 305
73 90
73 302
73 92
73 300
73 299
73 94
73 347
74 176
74 175
74 177
74 103
74 178
74 528
74 335
74 382
74 123
74 368
74 393
75 404
75 103
75 354
75 458
75 401
75 219
75 490
75 99
75 113
75 349
75 413
76 172
76 174
76 531
76 169
76 173
76 168
76 175
76 181
76 176
76 177
76 178
76 179
76 180
77 410
77 395
77 94
77 394
77 409
77 421
77 178
77 413
77 288
77 416
77 181
77 419
77 420
77 186
78 353
78 485
78 476
78 345
78 274
78 421
78 119
78 160
78 472
78 228
78 112
78 366
78 368
78 393
79 332
79 88
79 331
79 339
79 333
79 86
79 99
79 330
79 89
79 94
79 323
79 319
79 318
79 354
80 373
80 363
80 393
80 268
80 377
80 94
80 381
80 382
80 92
80 385
80 387
80 263
80 391
80 204
81 173
81 531
81 333
81 178
81 131
81 443
81 272
81 144
81 274
81 345
81 362
81 369
82 172
82 174
82 176
82 169
82 173
82 531
82 175
82 181
82 177
82 178
82 179
82 180
83 346
83 416
83 94
83 441
83 119
83 206
83 490
83 208
83 313
83 312
83 413
83 367
84 300
84 312
84 304
84 313
84 289
84 299
84 296
84 295
84 293
84 292
84 291
84 88
84 265
85 172
85 173
85 175
85 176
85 170
85 174
85 169
85 177
85 178
85 179
85 180
85 181
86 113
86 349
86 94
86 508
86 403
86 346
86 228
86 425
86 333
86 119
86 189
86 445
87 198
87 528
87 323
87 508
87 292
87 178
87 483
87 208
87 109
87 476
87 416
87 311
88 413
88 416
88 178
88 420
88 97
88 308
88 312
88 184
88 421
88 422
88 300
88 236
89 208
89 490
89 345
89 425
89 346
89 443
89 362
89 368
89 369
89 441
89 274
89 421
90 103
90 401
90 408
90 109
90 104
90 313
90 177
90 409
90 173
90 99
90 413
90 416
90 176
90 382
91 171
91 172
91 174
91 531
91 169
91 173
91 168
91 180
91 175
91 176
91 177
91 178
91 179
92 98
92 416
92 419
92 420
92 410
92 94
92 103
92 429
92 421
92 177
92 178
92 181
92 236
93 169
93 173
93 170
93 174
93 172
93 168
93 180
93 175
93 176
93 177
93 178
93 179
93 531
94 339
94 343
94 208
94 345
94 346
94 331
94 337
94 335
94 334
94 333
94 332
94 350
95 172
95 174
95 175
95 169
95 173
95 531
95 181
95 176
95 177
95 178
95 179
95 180
95 282
96 169
96 173
96 170
96 174
96 172
96 168
96 180
96 175
96 176
96 177
96 178
96 179
96 300
97 479
97 219
97 113
97 490
97 349
97 395
97 112
97 476
97 346
97 208
97 472
97 109
98 104
98 364
98 103
98 391
98 380
98 274
98 384
98 385
98 272
98 271
98 270
98 269
98 208
99 350
99 349
99 346
99 345
99 354
99 347
99 104
99 112
99 109
99 343
99 342
99 341
99 339
99 365
100 136
100 345
100 362
100 349
100 350
100 353
100 354
100 123
100 122
100 121
100 358
100 359
100 361
100 113
101 472
101 103
101 339
101 371
101 366
101 208
101 350
101 416
101 490
102 169
102 173
102 170
102 174
102 172
102 168
102 180
102 175
102 176
102 177
102 178
102 179
102 531
103 279
103 288
103 277
103 275
103 274
103 273
103 272
103 271
103 270
103 269
103 268
103 265
104 335
104 343
104 339
104 337
104 334
104 333
104 332
104 331
104 359
105 404
105 406
105 221
105 483
105 158
105 401
105 409
105 112
105 214
105 416
105 109
105 142
106 169
106 173
106 170
106 174
106 172
106 168
106 180
106 175
106 176
106 177
106 178
106 179
106 531
107 403
107 312
107 404
107 313
107 310
107 109
107 177
107 409
107 416
107 300
107 421
107 436
108 171
108 172
108 174
108 531
108 169
108 173
108 168
108 180
108 175
108 176
108 177
108 178
108 179
109 291
109 302
109 292
109 280
109 289
109 288
109 286
109 284
109 282
109 281
109 265
110 171
110 172
110 174
110 175
110 169
110 173
110 168
110 180
110 176
110 177
110 178
110 179
110 531
111 472
111 476
111 490
111 468
111 439
111 421
111 416
111 129
112 323
112 332
112 333
112 313
112 319
112 318
112 315
112 314
112 354
113 337
113 335
113 333
113 342
113 343
113 334
113 332
113 331
113 330
113 358
114 272
114 368
114 421
114 345
114 160
114 369
114 274
114 472
114 443
114 119
114 362
115 214
115 235
115 483
115 476
115 516
115 410
115 208
115 453
116 335
116 333
116 331
116 341
116 334
116 342
116 332
116 326
116 325
116 323
116 360
117 401
117 395
117 385
117 292
117 295
117 403
117 404
117 406
117 409
117 410
117 377
118 172
118 174
118 176
118 169
118 173
118 168
118 175
118 181
118 177
118 178
118 179
118 180
118 531
119 335
119 337
119 142
119 332
119 330
119 326
119 325
119 323
119 198
119 163
120 172
120 531
120 174
120 323
120 187
120 476
120 175
120 176
120 259
120 420
120 177
120 416
121 346
121 345
121 342
121 341
121 349
121 343
121 350
121 334
121 339
121 335
121 365
122 367
122 370
122 365
122 368
122 363
122 366
122 371
122 364
122 358
122 362
122 193
122 359
122 361
123 293
123 307
123 295
123 282
123 292
123 291
123 290
123 289
123 288
123 284
124 349
124 350
124 323
124 345
124 408
124 208
124 476
124 292
125 380
125 280
125 403
125 391
125 392
125 393
125 394
125 395
125 400
125 401
125 372
126 228
126 349
126 421
126 483
126 353
126 354
126 416
126 292
126 187
126 495
126 457
127 214
127 291
127 401
127 490
127 339
127 208
127 343
127 472
127 204
127 203
128 172
128 174
128 175
128 169
128 173
128 168
128 181
128 176
128 177
128 178
128 179
128 180
128 531
129 394
129 406
129 393
129 404
129 419
129 409
129 410
129 178
129 181
129 416
129 184
130 172
130 174
130 175
130 169
130 173
130 168
130 181
130 176
130 177
130 178
130 179
130 180
130 531
131 490
131 403
131 354
131 483
131 443
131 226
131 353
131 206
131 416
131 208
131 476
132 476
132 291
132 436
132 312
132 313
132 189
132 441
132 187
132 323
132 186
132 452
133 359
133 361
133 357
133 360
133 358
133 362
133 349
133 354
133 353
133 352
133 350
134 324
134 179
134 177
134 319
134 326
134 309
134 316
134 315
134 314
134 313
134 312
134 311
134 310
134 366
135 362
135 373
135 370
135 255
135 371
135 160
135 199
135 368
135 367
135 366
135 365
135 198
136 332
136 337
136 331
136 333
136 341
136 330
136 323
137 172
137 174
137 175
137 169
137 173
137 181
137 180
137 176
137 177
137 178
137 186
137 179
137 531
138 172
138 174
138 175
138 169
138 173
138 168
138 181
138 176
138 177
138 178
138 179
138 180
138 531
139 421
139 291
139 339
139 187
139 323
139 319
139 468
139 476
139 219
139 198
140 178
140 179
140 175
140 144
140 368
140 176
140 257
140 443
140 476
140 528
140 177
140 394
140 531
141 172
141 174
141 175
141 169
141 173
141 168
141 181
141 176
141 177
141 178
141 179
141 180
141 531
142 196
142 373
142 375
142 371
142 158
142 157
142 372
142 365
142 255
142 368
142 367
142 366
142 363
143 483
143 284
143 464
143 300
143 459
143 204
143 198
143 447
144 342
144 337
144 206
144 339
144 345
144 208
144 335
144 334
144 333
144 332
144 331
144 350
145 318
145 319
145 311
145 299
145 307
145 306
145 304
145 302
145 300
145 346
146 172
146 174
146 176
146 169
146 173
146 168
146 175
146 181
146 177
146 178
146 179
146 180
146 531
147 371
147 373
147 372
147 367
147 370
147 246
147 368
147 361
147 366
147 365
147 363
147 362
148 349
148 347
148 354
148 350
148 348
148 341
148 346
148 345
148 221
148 343
148 342
148 353
149 172
149 174
149 176
149 169
149 173
149 531
149 175
149 168
149 177
149 178
149 179
149 180
149 181
150 171
150 172
150 174
150 175
150 169
150 173
150 168
150 181
150 176
150 177
150 178
150 179
150 180
151 368
151 353
151 393
151 381
151 382
151 383
151 240
152 171
152 172
152 174
152 175
152 169
152 173
152 168
152 180
152 176
152 177
152 178
152 179
152 531
153 208
153 459
153 291
153 334
153 198
153 453
153 452
153 189
153 187
153 332
154 171
154 172
154 174
154 175
154 169
154 173
154 168
154 180
154 176
154 177
154 178
154 179
154 531
155 171
155 172
155 174
155 175
155 169
155 173
155 168
155 180
155 176
155 177
155 178
155 179
155 531
156 171
156 172
156 174
156 175
156 169
156 173
156 168
156 180
156 176
156 177
156 178
156 179
156 531
157 350
157 508
157 490
157 312
157 358
157 346
157 400
158 432
158 187
158 436
158 429
158 359
158 358
158 272
158 274
158 439
158 356
158 441
158 279
159 291
159 312
159 177
159 441
159 189
159 187
159 319
159 186
159 323
159 178
160 393
160 310
160 420
160 304
160 300
160 173
160 416
160 177
160 419
160 379
161 401
161 490
161 457
161 279
161 495
161 198
161 312
161 373
161 453
162 179
162 175
162 334
162 323
162 476
162 176
162 401
162 177
162 178
162 394
163 401
163 413
163 406
163 395
163 409
163 420
163 176
163 300
163 416
163 177
163 178
163 189
164 483
164 189
164 436
164 331
164 416
164 409
164 240
164 259
165 363
165 354
165 403
165 240
165 391
165 393
165 401
165 385
166 382
166 416
166 187
166 219
166 346
166 468
166 208
166 354
166 476
167 170
167 171
167 173
167 174
167 168
167 172
167 531
167 180
167 175
167 176
167 177
167 178
167 179
168 169
168 173
168 170
168 174
168 172
168 180
168 175
168 176
168 177
168 178
168 179
168 531
169 173
169 170
169 174
169 172
169 180
169 175
169 176
169 177
169 178
169 179
169 531
170 234
170 490
170 448
170 187
170 323
170 198
170 313
170 312
170 308
170 219
170 394
171 345
171 189
171 441
171 323
171 193
171 274
171 443
171 447
171 198
172 323
172 177
172 429
172 427
172 421
172 436
172 274
172 181
172 272
172 271
172 219
173 362
173 373
173 375
173 371
173 370
173 372
173 241
173 365
173 368
173 367
173 366
173 361
174 531
174 180
174 175
174 176
174 177
174 178
174 179
175 180
175 176
175 177
175 178
175 179
175 531
176 367
176 381
176 394
176 383
176 385
176 274
176 387
176 388
176 391
176 272
176 393
177 226
177 354
177 228
177 358
177 353
177 359
177 350
177 349
177 348
177 346
177 345
177 181
178 313
178 305
178 314
178 315
178 295
178 304
178 302
178 300
178 299
178 296
178 265
179 417
179 318
179 420
179 421
179 323
179 432
179 422
179 426
179 313
179 312
179 429
179 236
180 531
181 342
181 346
181 339
181 348
181 343
181 349
181 331
181 337
181 335
181 334
181 333
181 332
181 350
182 531
183 531
184 353
184 367
184 380
184 370
184 371
184 372
184 373
184 263
184 377
184 366
185 531
186 315
186 307
186 310
186 318
186 295
186 302
186 300
186 299
186 296
186 348
187 293
187 304
187 282
187 292
187 291
187 289
187 288
187 284
187 265
188 371
188 346
188 208
189 206
189 339
189 346
189 341
189 347
189 332
189 207
189 337
189 208
189 335
189 334
189 333
189 349
190 410
190 346
190 366
190 457
190 432
191 432
191 441
191 445
191 335
191 208
191 483
191 323
192 334
192 498
192 476
192 219
192 291
192 416
192 259
193 214
193 315
193 291
193 312
193 483
193 331
193 443
193 323
193 441
193 391
194 531
194 291
194 468
194 498
194 259
194 416
195 208
195 422
195 360
195 308
195 436
195 435
195 312
195 318
195 241
196 490
196 219
196 395
196 354
196 394
196 450
196 403
196 404
196 483
196 291
198 292
198 295
198 304
198 293
198 282
198 291
198 290
198 289
198 288
198 284
199 346
199 439
199 441
199 279
199 447
199 345
201 259
201 404
201 409
201 346
201 241
202 531
203 345
203 359
203 361
203 354
203 358
203 365
203 353
203 350
203 349
203 370
204 341
204 345
204 208
204 347
204 342
204 348
204 333
204 339
204 337
204 335
204 334
204 350
205 394
205 393
205 495
205 498
205 458
205 427
205 219
205 334
205 208
205 490
205 421
206 369
206 371
206 367
206 370
206 365
206 368
206 366
206 359
206 363
206 362
206 360
206 361
207 381
207 367
207 383
207 385
207 388
207 391
207 393
207 394
207 395
207 275
207 371
208 282
208 291
208 284
208 292
208 273
208 281
208 280
208 279
208 277
208 276
208 275
208 274
208 265
209 531
210 531
211 531
212 531
213 453
213 421
213 419
213 354
213 292
213 439
213 476
213 366
214 353
214 350
214 348
214 356
214 221
214 349
214 346
214 345
214 343
214 342
215 531
216 350
216 354
216 348
216 353
216 346
216 349
216 347
216 345
216 343
216 342
216 365
217 531
218 241
218 346
219 308
219 300
219 310
219 295
219 293
219 292
219 291
219 289
219 288
219 342
220 531
221 350
221 349
221 346
221 345
221 353
221 354
221 343
221 342
221 339
221 365
222 311
222 312
222 470
222 472
222 490
222 323
222 394
223 483
223 420
223 453
223 346
224 353
224 531
225 531
226 416
226 312
226 313
226 421
226 425
226 300
226 429
226 382
227 531
228 350
228 367
228 368
228 369
228 370
228 371
228 373
228 257
228 375
228 376
228 377
228 364
229 404
229 416
229 508
229 495
229 346
229 334
230 483
230 407
230 394
230 416
230 490
231 531
232 416
232 421
232 413
232 420
232 313
232 436
232 429
232 432
232 236
233 531
234 349
234 255
234 257
234 365
234 366
234 367
234 368
234 256
234 370
234 371
234 372
234 373
235 358
235 353
235 350
235 354
235 359
235 349
235 346
235 345
236 331
236 333
236 334
236 325
236 323
236 319
236 318
237 408
237 403
237 385
237 349
238 323
238 315
238 319
238 331
238 316
238 314
238 313
238 312
238 311
238 310
238 309
238 353
239 395
239 270
239 394
239 404
239 268
239 334
239 266
239 409
239 410
239 413
240 316
240 309
240 311
240 318
240 307
240 305
240 304
240 302
240 300
240 299
240 347
241 308
241 299
241 309
241 295
241 284
241 293
241 292
241 291
241 289
241 288
241 341
242 531
243 288
243 279
243 401
243 302
243 346
243 416
243 453
244 531
245 361
245 531
246 291
246 436
246 323
246 377
246 339
246 430
246 441
246 443
247 281
247 286
247 369
249 531
250 531
251 395
251 380
251 280
251 410
251 401
251 403
251 404
251 276
251 406
251 408
251 409
252 531
253 271
253 279
253 483
253 531
254 259
254 416
254 476
254 346
254 394
254 361
255 341
255 339
255 345
255 346
255 337
255 335
255 334
255 333
255 332
255 331
255 358
256 381
256 498
256 420
256 346
256 468
256 495
257 331
257 333
257 334
257 315
257 323
257 319
257 318
258 475
258 427
258 365
258 445
258 443
258 441
258 435
258 312
258 313
259 293
259 307
259 295
259 292
259 291
259 289
259 288
259 285
259 284
259 265
260 385
260 272
260 404
260 516
260 366
260 421
260 429
260 472
260 453
260 333
261 401
261 323
261 346
261 404
261 495
261 483
261 476
261 453
262 490
262 476
262 349
262 475
262 291
262 472
262 346
263 312
263 313
263 302
263 290
263 300
263 299
263 295
263 293
263 292
263 291
263 342
264 369
264 429
264 313
264 445
264 443
264 441
264 439
264 319
264 323
264 387
265 416
265 361
265 382
265 483
265 406
265 346
266 284
266 368
266 366
266 439
266 429
266 441
266 443
266 339
268 339
268 335
268 332
268 342
268 343
268 334
268 325
268 331
268 327
268 358
269 315
269 319
269 331
269 308
269 314
269 313
269 312
269 311
269 310
269 309
269 350
270 326
270 332
270 323
270 334
270 335
270 314
270 319
270 315
270 354
271 309
271 318
271 311
271 319
271 296
271 307
271 304
271 302
271 300
271 299
271 347
272 330
272 314
272 319
272 318
272 316
272 315
272 343
273 403
273 495
273 342
273 354
273 334
273 429
273 459
274 342
274 337
274 339
274 345
274 330
274 335
274 334
274 333
274 332
274 331
274 350
275 354
275 358
275 359
275 360
275 361
275 362
275 365
275 366
275 367
275 368
275 373
276 401
276 300
276 424
276 291
276 416
276 419
276 420
276 421
276 288
276 377
277 300
277 475
277 427
277 312
277 439
277 432
278 531
279 364
279 372
279 371
279 373
279 377
279 366
279 370
279 367
279 363
280 332
280 353
280 368
280 358
280 359
280 360
280 361
280 362
280 363
280 365
280 367
281 346
281 333
281 353
281 371
281 361
281 362
281 366
281 367
281 368
281 369
282 354
282 370
282 371
282 372
282 373
282 377
282 379
282 380
282 366
284 368
284 395
284 387
284 391
284 393
284 394
284 370
285 313
285 360
285 312
285 362
285 436
285 373
285 371
286 490
286 429
286 495
286 400
287 445
288 361
288 371
288 373
288 372
288 368
288 370
288 363
288 367
288 366
288 365
288 404
289 413
289 416
289 312
289 313
289 319
289 300
289 420
289 421
289 429
290 475
290 365
290 420
290 419
290 354
290 318
291 313
291 304
291 314
291 315
291 293
291 302
291 300
291 299
291 296
291 295
291 345
292 372
292 370
292 373
292 367
292 371
292 377
292 368
292 366
292 365
292 363
292 361
292 362
293 395
293 483
293 490
293 441
293 479
293 476
293 426
294 531
295 337
295 335
295 339
295 345
295 334
295 333
295 332
295 331
295 330
295 361
296 403
296 416
296 409
296 413
296 419
296 420
296 421
296 424
296 435
297 531
298 531
299 361
299 363
299 358
299 362
299 359
299 365
299 350
299 354
299 353
299 352
299 370
300 347
300 345
300 343
300 350
300 346
300 342
300 341
300 339
300 337
300 353
301 531
302 365
302 393
302 385
302 390
302 391
303 531
304 342
304 379
304 323
304 441
304 447
304 443
304 445
305 476
305 483
305 421
305 354
305 416
306 483
307 313
307 314
307 310
307 312
307 315
307 429
307 439
308 490
308 492
308 318
308 346
308 450
308 392
309 441
309 318
309 424
309 313
309 421
309 312
309 435
309 436
310 369
310 371
310 367
310 370
310 365
310 368
310 366
310 358
310 363
310 362
310 359
310 361
311 372
311 377
311 370
311 373
311 367
311 371
311 368
311 366
311 365
311 363
311 361
311 362
312 313
312 315
313 325
313 327
313 316
313 319
313 330
313 315
313 314
313 350
314 406
314 391
314 401
314 404
314 416
314 409
314 410
314 413
315 365
315 382
315 401
315 391
315 393
315 394
315 395
315 371
316 490
316 401
316 453
317 531
318 347
318 360
318 362
318 358
318 361
318 359
318 363
318 349
318 354
318 353
318 350
319 333
319 326
319 335
319 330
319 337
319 323
320 342
320 508
321 429
321 333
321 445
321 323
321 368
321 443
322 531
324 332
324 366
324 432
324 490
324 436
325 475
325 409
325 403
325 342
326 409
326 410
326 416
326 420
326 421
326 385
327 527
327 490
327 346
327 404
327 372
327 360
327 413
328 531
328 420
328 527
328 394
328 361
329 531
330 421
330 420
330 441
330 435
331 353
332 345
332 343
332 348
332 349
332 342
332 334
332 339
332 337
332 335
333 368
333 370
333 366
333 369
333 363
333 367
333 371
333 365
333 361
333 359
333 358
333 362
335 339
335 341
335 358
336 366
336 531
337 391
337 394
337 406
337 401
337 403
337 404
337 424
338 531
338 366
339 348
340 531
341 403
341 401
341 421
341 413
341 416
341 420
341 381
343 353
343 367
343 384
343 370
343 371
343 377
343 379
343 380
343 366
344 432
344 385
344 371
344 366
344 420
344 429
344 459
345 349
347 421
347 419
347 427
347 424
347 426
347 429
347 432
348 368
348 393
348 385
348 387
348 388
348 390
348 391
349 353
351 483
351 362
351 403
351 508
351 429
351 441
352 458
352 490
352 492
352 495
352 498
352 360
352 361
352 404
355 368
355 441
356 413
356 419
356 409
356 420
356 421
357 360
357 361
357 358
357 371
357 394
357 377
357 391
357 393
357 385
358 372
358 370
358 373
358 368
358 371
358 375
358 363
358 367
358 366
358 365
358 361
360 394
360 400
360 401
360 403
360 404
360 408
360 409
363 371
363 367
363 370
363 365
363 368
363 372
363 366
363 364
364 457
364 441
364 447
364 453
364 385
369 437
369 436
369 429
369 425
369 421
370 372
370 375
370 373
370 371
370 377
372 381
372 392
372 394
372 396
372 400
372 401
372 403
372 404
373 377
374 531
375 394
375 393
375 403
375 391
375 421
375 408
375 409
375 416
375 377
376 410
376 476
376 472
376 485
376 508
376 403
376 443
378 531
379 384
379 385
379 387
380 395
380 403
380 391
380 408
380 409
380 410
380 416
381 394
381 401
381 403
381 404
381 406
381 409
383 422
383 435
384 403
384 401
384 391
384 404
384 406
384 408
384 409
384 410
384 413
386 527
386 403
386 508
386 472
386 409
386 479
386 459
388 404
388 394
388 420
388 409
388 413
388 416
388 417
389 483
389 457
389 421
389 432
389 391
390 394
390 395
392 422
392 416
392 404
392 394
396 490
396 404
396 409
396 483
396 408
398 472
398 490
398 434
398 443
398 441
398 439
400 404
402 531
405 531
407 416
407 490
411 531
412 531
414 531
418 490
418 479
418 476
423 424
423 436
423 429
423 439
425 490
425 472
430 475
430 472
431 531
434 442
438 531
438 508
440 490
444 475
444 472
444 490
446 476
449 531
451 490
451 495
451 483
451 476
454 531
455 490
460 531
461 531
461 472
462 490
462 476
462 472
463 490
463 483
466 490
466 484
466 476
469 531
471 531
474 485
474 476
477 531
478 483
480 531
481 490
482 531
486 495
486 490
488 531
489 490
489 495
491 531
492 495
492 498
494 531
496 531
497 531
500 531
501 531
505 531
507 531
510 531
511 531
513 531
519 531
523 531
524 531
525 531
