0 302
0 426
0 263
0 67
0 12
0 7
0 15
0 268
0 18
0 222
0 13
0 26
0 448
0 137
1 346
1 453
1 238
1 421
1 18
1 268
1 181
1 419
1 279
1 432
1 15
1 385
1 50
1 288
2 84
2 23
2 41
2 441
2 22
2 257
2 272
2 103
2 206
2 291
2 271
2 121
2 346
2 361
3 439
3 208
3 198
3 508
3 41
3 16
3 366
3 103
3 421
3 323
3 339
3 119
3 459
3 123
4 314
4 172
4 257
4 189
4 123
4 84
4 334
4 57
4 94
4 339
4 476
4 270
4 122
4 186
5 416
5 490
5 346
5 198
5 208
5 271
5 25
5 241
5 22
5 312
5 109
5 23
5 259
5 103
6 18
6 16
6 52
6 198
6 109
6 23
6 178
6 476
6 22
6 103
6 339
6 312
6 403
6 208
7 241
7 371
7 350
7 349
7 358
7 17
7 420
7 403
7 208
7 394
7 112
7 134
7 70
7 23
8 23
8 516
8 67
8 134
8 18
8 135
8 105
8 453
8 70
8 181
8 186
8 409
8 346
8 395
9 28
9 178
9 214
9 334
9 430
9 235
9 240
9 483
9 123
9 472
9 99
9 312
9 73
10 346
10 19
10 495
10 240
10 208
10 88
10 516
10 371
10 352
10 299
10 436
10 67
10 109
10 221
11 241
11 331
11 312
11 271
11 178
11 22
11 313
11 123
11 441
11 208
11 39
11 84
11 240
11 23
12 198
12 457
12 346
12 516
12 312
12 421
12 416
12 134
12 208
12 371
12 23
12 109
12 18
12 436
13 426
13 18
13 109
13 268
13 134
13 385
13 70
13 186
13 314
13 334
13 269
13 420
13 57
14 186
14 429
14 508
14 483
14 270
14 345
14 109
14 354
14 421
14 41
14 198
14 339
14 23
14 272
15 134
15 516
15 420
15 457
15 263
15 288
15 416
15 198
15 371
15 22
15 18
15 208
15 23
15 103
16 257
16 416
16 198
16 332
16 490
16 339
16 119
16 208
16 421
16 323
16 22
16 103
16 476
16 123
17 112
17 416
17 359
17 18
17 312
17 134
17 208
17 23
17 109
17 241
17 133
17 490
17 394
17 346
18 52
18 345
18 259
18 490
18 339
18 312
18 109
18 516
18 22
18 23
18 198
18 181
18 103
18 208
19 259
19 416
19 109
19 144
19 445
19 393
19 23
19 274
19 208
19 345
19 346
19 22
19 516
19 272
20 401
20 57
20 312
20 28
20 295
20 348
20 186
20 52
20 216
20 103
20 483
20 439
20 459
20 84
21 230
21 200
21 327
21 340
21 195
21 269
21 69
21 388
21 360
21 422
21 268
21 308
21 43
21 105
22 270
22 345
22 291
22 332
22 208
22 198
22 272
22 271
22 52
22 516
22 476
22 103
22 23
23 271
23 508
23 28
23 516
23 346
23 312
23 103
23 109
23 198
23 313
23 241
23 208
24 483
24 221
24 416
24 230
24 103
24 259
24 299
24 516
24 44
24 240
24 495
24 475
24 219
24 427
25 28
25 109
25 259
25 198
25 208
25 181
25 312
25 241
25 313
25 103
25 516
26 134
26 208
26 259
26 28
26 420
26 181
26 52
26 123
26 346
26 198
26 103
27 403
27 436
27 441
27 394
27 353
27 109
27 269
27 299
27 413
27 79
27 425
27 429
27 448
28 332
28 516
28 198
28 271
28 181
28 240
28 52
28 291
28 208
28 312
28 103
28 472
29 241
29 48
29 490
29 368
29 187
29 388
29 450
29 372
29 416
29 269
29 219
29 394
29 236
29 204
30 103
30 366
30 52
30 508
30 313
30 332
30 119
30 453
30 123
30 208
31 219
31 119
31 323
31 450
31 490
31 403
31 198
31 272
31 208
31 472
31 144
31 421
32 123
32 144
32 429
32 186
32 323
32 366
32 103
32 472
32 187
32 354
32 208
32 421
32 112
33 228
33 198
33 52
33 271
33 94
33 345
33 119
33 103
33 272
33 339
33 208
33 366
34 219
34 236
34 119
34 508
34 346
34 354
34 263
34 198
34 371
34 208
34 109
34 416
34 421
34 441
35 119
35 476
35 529
35 123
35 354
35 208
35 103
35 416
35 134
35 198
35 421
36 419
36 385
36 354
36 508
36 228
36 103
36 216
36 371
36 48
36 208
36 432
36 292
36 366
37 350
37 259
37 39
37 459
37 401
37 240
37 103
37 123
37 198
37 516
37 416
37 208
38 421
38 198
38 119
38 495
38 103
38 123
38 439
38 208
38 323
38 476
38 416
38 187
39 144
39 208
39 103
39 119
39 346
39 257
39 123
39 363
39 416
39 313
39 332
39 272
40 103
40 475
40 269
40 346
40 432
40 268
40 371
40 421
40 323
40 208
40 48
40 416
40 490
40 288
41 312
41 421
41 339
41 119
41 208
41 291
41 272
41 94
41 271
41 313
41 198
41 459
42 214
42 436
42 458
42 308
42 361
42 388
42 259
42 280
42 413
42 312
42 113
42 109
42 170
43 134
43 181
43 362
43 441
43 409
43 313
43 395
43 186
43 346
43 257
43 436
43 312
44 361
44 472
44 421
44 291
44 241
44 508
44 208
44 103
44 483
44 109
44 416
44 198
44 219
45 483
45 353
45 114
45 368
45 264
45 140
45 78
45 333
45 144
45 345
45 528
45 369
45 160
46 516
46 476
46 312
46 475
46 432
46 300
46 208
46 240
46 453
46 103
46 401
46 420
46 323
46 134
47 498
47 109
47 259
47 394
47 421
47 88
47 473
47 468
47 361
47 346
47 416
47 176
47 79
48 109
48 346
48 476
48 490
48 416
48 241
48 103
48 198
48 421
48 208
48 312
49 426
49 120
49 468
49 205
49 392
49 222
49 504
49 406
49 105
49 495
49 454
49 188
50 274
50 263
50 385
50 391
50 208
50 219
50 346
50 516
50 323
50 354
50 421
50 300
50 401
51 401
51 483
51 312
51 80
51 103
51 189
51 84
51 331
51 99
51 259
52 181
52 313
52 312
52 291
52 198
52 103
52 332
52 271
52 457
52 476
53 345
53 443
53 272
53 368
53 281
53 264
53 353
53 286
53 369
53 226
53 333
53 247
53 445
54 487
54 354
54 401
54 371
54 282
54 445
54 420
54 429
54 70
54 385
54 208
54 416
55 354
55 263
55 416
55 385
55 144
55 323
55 345
55 458
55 119
55 272
55 441
55 123
55 208
56 57
56 420
56 349
56 178
56 346
56 208
56 240
56 323
56 416
56 103
56 527
56 219
56 498
56 472
57 178
57 404
57 490
57 208
57 134
57 313
57 198
57 472
57 241
57 109
57 103
57 416
57 346
58 214
58 272
58 353
58 429
58 258
58 333
58 274
58 382
58 281
58 445
58 368
58 70
58 345
59 73
59 381
59 427
59 208
59 241
59 346
59 103
59 416
59 490
59 259
59 312
60 319
60 144
60 508
60 528
60 429
60 123
60 483
60 208
60 476
60 103
60 145
60 354
60 366
61 426
61 343
61 318
61 514
61 179
61 371
61 112
61 69
61 527
61 268
61 269
61 95
61 208
62 198
62 366
62 339
62 119
62 459
62 208
62 421
62 323
62 292
62 123
62 385
62 508
63 475
63 457
63 373
63 432
63 161
63 453
63 371
63 288
63 302
63 279
63 366
64 219
64 394
64 495
64 134
64 483
64 70
64 279
64 404
64 187
64 453
64 420
64 103
65 122
65 208
65 346
65 334
65 186
65 436
65 73
65 181
65 67
66 372
66 510
66 88
66 406
66 215
66 85
66 265
66 347
66 321
66 205
66 104
66 454
66 328
67 361
67 263
67 495
67 516
67 109
67 490
67 208
67 198
67 346
67 103
67 476
67 259
68 516
68 119
68 339
68 272
68 363
68 508
68 104
68 198
68 421
68 123
68 208
69 371
69 109
69 268
69 234
69 420
69 134
69 409
69 416
69 208
69 241
69 394
69 346
69 404
70 409
70 208
70 259
70 490
70 134
70 516
70 312
70 257
70 272
70 476
70 103
70 346
71 208
71 394
71 84
71 123
71 441
71 401
71 181
71 198
71 323
71 312
71 263
71 257
72 403
72 476
72 129
72 337
72 453
72 184
72 347
72 420
72 475
72 483
73 416
73 476
73 94
73 123
73 271
73 259
73 291
73 198
73 312
73 103
73 241
74 529
74 103
74 291
74 259
74 335
74 368
74 382
74 393
74 528
74 476
74 123
75 198
75 300
75 109
75 219
75 394
75 361
75 346
75 323
75 178
75 134
75 508
75 269
76 406
76 233
76 426
76 105
76 308
76 85
76 158
76 436
76 302
76 268
76 195
76 495
77 94
77 236
77 263
77 361
77 186
77 259
77 208
77 123
77 476
77 271
78 208
78 476
78 472
78 119
78 144
78 345
78 368
78 333
78 377
78 228
78 528
78 335
78 112
79 84
79 528
79 490
79 109
79 394
79 208
79 241
79 416
79 441
79 421
79 219
79 198
79 472
79 103
80 84
80 271
80 483
80 241
80 393
80 346
80 490
80 259
80 103
80 291
81 445
81 270
81 206
81 114
81 369
81 362
81 274
81 333
81 131
81 144
81 443
81 345
81 272
82 134
82 516
82 272
82 346
82 508
82 186
82 409
82 181
82 421
82 403
82 288
83 263
83 385
83 416
83 94
83 312
83 346
83 208
83 367
83 490
83 206
83 313
83 271
84 291
84 241
84 312
84 189
84 198
84 208
84 313
84 403
84 271
84 270
84 441
84 103
85 158
85 475
85 323
85 195
85 263
85 527
85 259
85 421
85 236
85 279
85 346
85 269
85 490
86 429
86 508
86 425
86 527
86 528
86 319
86 485
86 119
86 472
86 112
86 421
86 368
86 323
87 198
87 416
87 508
87 323
87 178
87 187
87 476
87 208
87 219
87 103
87 311
87 109
88 361
88 404
88 134
88 109
88 394
88 476
88 259
88 495
88 241
88 219
88 346
88 416
89 369
89 353
89 208
89 272
89 345
89 333
89 441
89 144
89 362
89 443
89 319
89 425
89 368
90 291
90 103
90 134
90 219
90 312
90 483
90 393
90 109
90 416
91 429
91 483
91 346
91 361
91 173
91 393
91 178
91 394
91 530
92 495
92 476
92 103
92 123
92 508
92 334
92 208
92 198
92 187
92 419
93 311
93 490
93 521
93 312
93 241
93 394
93 308
93 109
93 268
93 207
93 416
93 381
93 346
94 332
94 257
94 123
94 119
94 272
94 198
94 441
94 313
94 339
94 208
94 271
95 219
95 495
95 268
95 198
95 404
95 349
95 208
95 416
95 346
95 112
95 400
95 282
96 346
96 255
96 459
96 440
96 238
96 300
96 354
96 439
96 334
96 365
96 419
97 241
97 268
97 134
97 416
97 394
97 208
97 219
97 421
97 323
97 269
97 187
97 346
98 103
98 208
98 123
98 119
98 508
98 181
98 186
98 198
98 421
98 339
99 323
99 420
99 178
99 259
99 346
99 134
99 312
99 219
99 472
99 103
100 476
100 103
100 342
100 339
100 508
100 119
100 198
100 483
100 123
101 272
101 366
101 350
101 103
101 208
101 416
101 339
101 472
102 176
102 372
102 185
102 230
102 308
102 381
102 256
102 388
102 150
102 530
103 271
103 312
103 416
103 490
103 291
103 241
103 198
103 476
103 516
103 208
104 420
104 393
104 123
104 109
104 394
104 241
104 208
104 339
104 350
104 508
105 516
105 257
105 214
105 134
105 420
105 142
105 204
105 395
105 409
105 381
105 268
105 318
105 346
106 343
106 344
106 426
106 432
106 476
106 134
106 279
106 129
106 420
107 144
107 516
107 334
107 332
107 271
107 393
107 257
107 214
107 346
107 490
107 123
107 395
108 413
108 416
108 243
108 372
108 340
108 420
108 158
108 269
108 230
108 346
108 394
109 516
109 259
109 241
109 208
109 346
109 416
109 420
109 134
109 490
109 198
110 112
110 348
110 429
110 403
110 319
110 368
110 226
110 144
110 272
110 443
110 528
110 333
110 335
111 346
111 468
111 269
111 312
111 495
111 300
111 241
111 490
111 238
111 439
112 490
112 421
112 272
112 346
112 371
112 198
112 208
112 134
112 403
112 508
112 241
113 490
113 429
113 350
113 416
113 241
113 178
113 313
113 198
113 208
114 369
114 274
114 345
114 335
114 368
114 272
114 333
114 160
114 144
114 472
114 528
114 443
114 379
114 429
115 401
115 453
115 134
115 123
115 483
115 208
115 339
115 472
115 476
116 416
116 181
116 332
116 312
116 421
116 198
116 208
117 334
117 345
117 119
117 181
117 144
117 441
117 271
117 476
117 272
118 385
118 403
118 144
118 472
118 129
118 145
118 124
118 333
118 450
118 372
118 429
118 373
119 508
119 366
119 313
119 198
119 208
119 271
119 272
119 123
119 441
119 421
120 334
120 490
120 204
120 346
120 123
120 476
120 187
120 259
120 420
120 323
120 416
121 208
121 271
121 416
121 219
121 241
121 123
121 198
121 319
121 291
121 490
122 198
122 476
122 123
122 181
122 259
122 339
122 208
123 291
123 332
123 490
123 323
123 241
123 271
123 208
123 339
123 198
124 429
124 144
124 416
124 385
124 508
124 349
124 350
124 403
124 228
124 366
124 208
125 516
125 204
125 268
125 236
125 312
125 134
125 241
125 208
125 219
125 416
125 346
125 490
126 416
126 148
126 350
126 432
126 342
126 385
126 366
126 292
126 178
126 508
126 208
126 198
127 429
127 343
127 187
127 323
127 354
127 476
127 472
127 459
127 421
127 319
128 306
128 203
128 377
128 300
128 129
128 384
128 187
128 343
129 416
129 269
129 134
129 385
129 476
129 420
129 208
129 371
129 366
130 472
130 148
130 339
130 226
130 377
130 461
130 483
130 172
130 333
130 382
130 353
130 214
130 253
131 445
131 441
131 270
131 429
131 226
131 333
131 144
131 345
131 362
131 208
131 443
131 272
131 274
132 346
132 395
132 354
132 189
132 401
132 198
132 323
132 490
132 257
132 270
133 259
133 134
133 208
133 490
133 416
133 198
133 241
133 240
133 346
133 516
134 312
134 394
134 490
134 476
134 208
134 516
134 198
134 346
134 416
134 241
135 272
135 257
135 181
135 421
135 332
135 346
135 490
135 208
135 395
136 490
136 259
136 291
136 208
136 198
136 516
136 271
136 241
137 238
137 508
137 423
137 186
137 339
137 436
137 385
137 394
138 235
138 315
138 319
138 271
138 403
138 214
138 441
138 334
138 483
138 186
139 291
139 468
139 394
139 368
139 319
139 187
139 528
139 529
139 476
139 323
140 425
140 346
140 476
140 144
140 333
140 226
140 272
140 257
140 483
140 394
140 528
140 443
140 368
141 312
141 381
141 444
141 416
141 490
141 259
141 204
141 346
142 312
142 259
142 527
142 409
142 416
142 241
142 490
142 346
142 395
142 362
142 257
143 339
143 529
143 483
143 198
143 495
143 346
143 472
143 476
143 323
144 270
144 490
144 312
144 443
144 333
144 274
144 208
144 345
144 362
144 272
144 441
145 241
145 189
145 508
145 208
145 271
145 476
145 198
145 350
146 472
146 416
146 269
146 312
146 516
146 219
146 259
146 334
146 241
146 204
146 490
147 291
147 189
147 516
147 263
147 198
147 271
147 259
147 527
147 490
147 208
148 366
148 312
148 208
148 198
148 178
148 263
148 271
148 508
148 476
149 323
149 495
149 492
149 219
149 243
149 458
149 279
149 428
149 346
149 367
150 205
150 308
150 204
150 195
150 176
150 346
150 504
150 352
150 489
150 530
150 381
151 271
151 346
151 416
151 204
151 257
151 259
151 476
151 490
151 381
152 318
152 222
152 346
152 179
152 234
152 504
152 238
152 259
152 381
152 456
152 268
153 476
153 204
153 271
153 259
153 404
153 483
153 346
153 416
153 334
154 432
154 368
154 382
154 187
154 429
154 208
154 476
154 366
154 385
154 354
154 216
154 342
154 419
155 216
155 368
155 335
155 226
155 330
155 443
155 214
155 462
155 312
155 393
155 529
155 177
155 291
156 386
156 368
156 263
156 453
156 403
156 219
156 361
156 208
156 508
156 527
156 349
156 472
156 421
157 263
157 346
157 371
157 472
157 368
157 394
157 219
157 269
157 208
157 421
157 198
158 269
158 394
158 490
158 483
158 527
158 421
158 257
158 323
158 420
158 263
158 346
159 403
159 401
159 189
159 259
159 346
159 198
159 416
159 208
160 208
160 274
160 335
160 368
160 445
160 272
160 345
160 333
160 379
161 279
161 371
161 288
161 436
161 457
161 420
161 432
162 401
162 208
162 394
162 346
162 421
162 263
162 334
162 323
162 476
163 236
163 401
163 257
163 490
163 361
163 259
163 393
163 208
163 416
163 346
163 476
164 403
164 178
164 416
164 472
164 240
164 391
164 312
164 313
164 516
164 409
165 263
165 236
165 312
165 346
165 208
165 416
165 404
165 198
166 530
166 346
166 219
166 187
166 354
166 468
166 382
166 416
166 334
166 476
167 416
167 530
167 393
167 483
167 187
167 323
167 527
167 450
167 420
168 346
168 395
168 257
168 208
168 476
168 416
169 286
169 228
169 451
169 237
169 367
169 287
169 471
169 279
169 397
169 253
169 321
170 236
170 358
170 269
170 346
170 349
170 312
170 259
170 234
170 219
170 394
171 334
171 312
171 483
171 332
171 457
171 346
171 476
172 508
172 476
172 241
172 483
172 529
172 208
172 416
172 403
172 339
173 240
173 368
173 361
173 241
173 236
173 198
173 346
173 312
173 291
173 208
174 271
174 443
174 441
174 361
174 238
174 483
174 429
174 354
174 382
174 276
174 445
175 262
175 427
175 475
175 284
175 204
175 453
175 430
175 240
175 390
176 219
176 381
176 393
176 259
176 472
176 257
176 368
176 416
176 312
176 204
176 346
177 346
177 241
177 257
177 291
177 312
177 345
177 272
177 186
177 208
178 272
178 516
178 313
178 508
178 198
178 241
178 208
178 312
179 426
179 421
179 432
179 394
179 208
179 527
179 371
179 416
179 219
179 346
179 268
179 198
179 263
180 400
180 187
180 361
180 375
180 368
180 394
180 393
180 349
180 219
181 257
181 259
181 332
181 208
181 395
181 313
181 312
181 198
182 312
182 393
182 375
182 216
182 214
182 339
182 430
182 438
183 521
183 184
183 388
183 269
183 422
183 308
183 504
183 404
183 219
183 371
183 514
183 384
184 198
184 313
184 490
184 483
184 516
184 259
184 346
184 420
184 241
185 492
185 489
185 195
185 346
185 473
185 381
185 299
185 388
185 530
185 352
186 346
186 332
186 257
186 354
186 339
186 272
186 208
186 270
187 516
187 323
187 219
187 346
187 198
187 208
187 421
187 416
187 259
188 371
188 420
188 403
188 208
188 346
188 313
189 416
189 241
189 313
189 259
189 208
189 271
189 198
189 490
190 282
190 476
190 385
190 208
190 342
190 432
190 366
190 410
191 441
191 263
191 366
191 483
191 354
191 432
191 272
191 429
191 208
192 198
192 334
192 241
192 393
192 476
192 312
192 219
192 291
192 498
193 332
193 312
193 214
193 272
193 346
193 516
194 241
194 495
194 219
194 468
194 416
194 476
194 490
194 291
194 259
194 498
195 219
195 257
195 416
195 268
195 346
195 394
195 318
195 527
195 361
195 259
195 308
196 208
196 527
196 269
196 476
196 394
196 257
196 490
196 241
197 300
197 206
197 472
197 385
197 346
197 361
197 382
197 221
198 219
198 516
198 312
198 241
198 208
198 263
198 274
198 291
198 508
198 421
199 263
199 476
199 208
199 404
199 508
199 241
199 421
199 472
200 394
200 417
200 230
200 268
200 361
200 360
200 327
200 352
200 308
200 388
201 516
201 259
201 495
201 490
201 241
201 404
201 409
201 346
202 361
202 436
202 381
202 334
202 452
202 219
202 229
202 416
202 269
202 230
203 346
203 339
203 394
203 291
203 476
203 208
203 421
203 257
204 240
204 416
204 241
204 490
204 346
204 259
204 291
204 257
205 490
205 393
205 381
205 483
205 259
205 241
205 416
205 495
205 346
205 240
205 498
206 270
206 445
206 516
206 345
206 208
206 272
206 271
206 441
206 274
206 251
206 346
207 516
207 236
207 476
207 241
207 394
207 259
207 490
207 208
207 346
208 313
208 241
208 421
208 508
208 490
208 274
208 272
208 345
209 472
209 516
209 284
209 312
209 393
209 483
209 259
210 416
210 238
210 490
210 259
210 263
210 427
210 346
210 268
211 416
211 404
211 346
211 219
211 259
211 527
211 361
211 388
212 268
212 263
212 423
212 421
212 371
212 243
212 288
213 483
213 366
213 453
213 339
213 419
213 476
213 354
214 339
214 272
214 332
214 483
214 346
214 259
214 240
214 312
215 230
215 369
215 276
215 436
215 311
215 253
215 353
215 424
215 346
215 429
215 406
216 291
216 385
216 312
216 459
216 263
216 419
217 392
217 426
217 343
217 279
217 290
217 243
217 360
217 455
217 428
218 358
218 388
218 394
218 269
218 490
218 241
218 346
219 394
219 263
219 323
219 291
219 241
219 421
219 416
219 472
220 352
220 407
220 372
220 269
220 346
220 308
220 388
220 422
220 230
221 241
221 527
221 259
221 453
221 420
221 334
221 240
221 391
221 361
221 516
222 312
222 421
222 241
222 259
222 268
222 269
222 416
222 346
222 388
223 483
223 432
223 516
223 527
223 323
223 495
223 420
223 476
224 368
224 228
224 345
224 333
224 346
224 272
224 353
224 445
224 443
225 409
225 420
225 429
225 311
225 354
225 508
225 272
225 312
226 345
226 441
226 335
226 319
226 443
226 272
226 271
226 362
226 369
226 333
226 472
227 472
227 350
227 377
227 421
228 313
228 274
228 472
228 272
228 339
228 345
228 370
228 421
228 508
229 508
229 236
229 416
229 436
229 334
229 495
229 404
230 269
230 259
230 268
230 299
230 346
230 527
230 354
230 483
230 361
230 416
231 516
231 312
231 238
231 373
231 391
231 270
231 527
231 288
231 409
232 459
232 371
232 472
232 312
232 313
232 404
232 416
232 346
232 421
233 388
233 346
233 490
233 454
233 308
234 416
234 236
234 516
234 259
234 241
234 346
235 240
235 236
235 416
235 271
235 291
235 516
235 312
235 472
236 263
236 490
236 346
236 421
236 291
237 508
237 385
237 371
237 403
237 349
237 429
238 490
238 416
238 354
238 257
238 346
238 421
239 323
239 441
239 345
239 516
239 421
239 476
239 272
239 459
240 416
240 490
240 483
240 312
240 516
240 241
241 312
241 259
241 350
241 516
241 476
241 416
241 490
242 354
242 312
242 272
242 443
242 382
243 527
243 279
243 373
243 404
243 354
243 432
243 323
243 436
243 385
243 421
244 295
244 271
244 312
244 270
244 387
244 445
244 274
244 310
244 272
244 443
245 393
245 490
245 259
245 361
245 381
246 323
246 516
246 483
246 271
246 409
246 472
246 346
247 353
247 335
247 445
247 333
247 272
247 345
247 286
247 369
247 281
248 268
248 323
248 346
248 432
248 371
249 356
249 300
249 377
249 354
249 288
250 372
250 308
250 422
250 384
250 444
250 394
251 263
251 441
251 257
251 346
251 445
251 272
251 271
251 313
252 490
252 346
252 436
252 332
252 268
252 483
252 354
252 424
253 475
253 361
253 367
253 279
253 346
253 354
253 423
253 419
253 445
253 271
253 483
254 280
254 416
254 476
254 527
254 394
254 361
254 259
254 346
255 263
255 274
255 441
255 421
255 272
256 393
256 394
256 416
256 381
256 383
256 498
256 530
256 346
257 312
257 271
257 395
257 332
257 490
257 441
257 346
258 527
258 323
258 445
258 346
258 259
258 300
258 263
258 271
258 272
258 490
259 312
259 346
259 490
259 516
260 453
260 385
260 421
260 429
260 472
260 366
260 333
260 272
260 516
260 404
261 483
261 453
261 420
261 495
262 426
262 263
262 459
262 368
262 472
262 312
262 323
262 421
263 313
263 490
263 312
263 441
263 421
263 508
263 271
264 335
264 429
264 443
264 362
264 421
264 368
264 333
264 274
264 445
264 345
264 272
265 382
265 354
265 393
265 361
265 346
265 468
265 483
266 339
266 350
266 476
266 528
266 393
266 366
266 508
267 272
267 276
267 445
267 281
267 286
267 429
267 353
268 516
268 416
268 420
268 371
268 346
268 490
268 312
269 403
269 476
269 421
269 394
269 490
269 416
270 313
270 362
270 332
270 339
270 272
270 271
270 345
270 312
270 274
271 291
271 516
271 346
271 332
271 313
271 441
271 272
272 443
272 313
272 274
272 362
272 345
272 441
273 385
273 354
273 342
273 339
273 459
273 483
274 362
274 421
274 312
274 345
274 441
275 516
275 404
275 346
276 445
276 429
276 346
276 345
276 441
277 354
277 476
277 385
278 366
278 292
278 401
278 377
279 420
279 409
279 421
279 453
279 367
279 313
279 288
279 404
279 346
279 432
279 516
280 313
280 516
280 490
280 332
280 346
281 353
281 516
281 373
281 445
281 429
281 346
281 345
281 421
281 335
282 385
282 516
282 331
282 416
282 313
282 421
282 346
282 395
282 490
283 300
283 396
283 422
283 361
283 360
283 423
283 346
283 440
284 472
284 393
284 490
284 483
284 291
285 445
285 409
285 516
285 313
285 318
285 371
285 362
285 345
286 345
286 429
286 353
286 371
286 516
286 483
286 445
286 475
286 346
287 354
287 353
287 345
287 312
287 445
288 385
288 421
288 432
288 457
288 366
288 312
289 413
289 385
289 429
289 476
289 459
289 300
290 419
290 421
290 453
290 516
290 302
290 318
290 401
290 432
290 475
291 319
291 421
291 312
291 490
292 323
292 421
292 366
292 508
292 385
293 490
293 495
293 403
293 354
293 516
293 476
294 490
294 483
294 516
294 354
294 393
294 416
295 313
295 346
295 409
295 312
296 476
296 345
296 339
296 346
296 516
296 332
297 337
297 430
297 419
297 339
297 403
297 483
298 395
298 409
298 377
298 353
298 391
298 446
298 516
298 369
298 334
298 312
298 346
299 483
299 421
299 416
299 429
299 441
299 472
299 323
300 401
300 312
300 361
300 421
300 346
300 516
300 490
301 441
301 348
301 445
301 335
301 443
301 366
301 333
301 345
302 404
302 421
302 346
302 409
302 432
302 312
302 318
302 371
302 401
303 416
303 510
303 420
303 417
303 378
303 394
303 352
303 308
304 483
304 443
304 393
304 516
304 345
304 379
304 472
304 476
304 366
305 311
305 421
305 323
305 429
305 416
305 476
305 366
305 339
305 472
306 334
306 311
306 354
306 483
306 429
306 382
307 332
307 312
307 339
307 483
307 346
307 354
307 416
308 372
308 352
308 346
308 416
308 388
308 394
309 446
309 361
309 346
309 312
310 516
310 345
311 508
311 350
311 472
311 416
311 312
311 346
311 476
312 416
312 313
312 472
313 490
313 332
313 441
314 404
314 332
314 339
314 409
314 457
314 334
315 483
315 409
315 346
315 332
316 475
316 401
316 421
316 516
316 432
316 445
316 453
316 385
316 366
317 354
317 371
317 346
317 490
317 413
317 421
317 385
317 416
318 475
318 404
318 409
318 416
318 420
318 346
319 421
319 508
319 472
319 441
320 353
320 377
320 366
320 508
320 339
320 342
320 403
320 348
321 483
321 445
321 323
321 368
321 443
321 429
321 333
322 483
322 361
322 416
322 353
322 436
322 394
322 354
322 382
322 346
323 490
323 508
323 416
323 472
323 421
324 409
324 385
324 350
324 429
324 346
324 490
324 332
324 432
324 366
324 436
325 373
325 385
325 350
325 371
325 363
326 409
326 350
326 366
326 508
326 472
326 403
327 361
327 360
327 527
327 346
327 490
327 413
327 404
328 459
328 403
328 458
328 394
328 527
328 420
328 361
328 393
329 483
329 361
329 451
329 346
329 436
329 416
329 354
330 472
330 483
330 393
330 346
331 395
331 332
331 516
332 490
332 346
332 516
333 335
333 516
333 368
333 441
333 472
333 345
333 362
333 443
334 516
334 476
334 346
335 472
335 483
335 345
336 459
336 490
336 483
336 453
336 366
337 483
337 339
338 421
338 453
338 502
338 366
338 483
338 429
339 508
340 372
340 358
340 346
340 487
340 394
340 388
340 420
340 428
341 416
341 516
341 346
342 516
342 508
343 476
343 421
343 394
343 346
343 490
344 429
344 366
344 371
344 459
344 401
344 385
344 420
344 432
345 421
345 362
345 441
345 443
346 490
346 441
346 416
347 416
347 404
347 453
347 421
347 475
348 429
348 350
348 441
348 362
348 508
349 421
349 403
349 472
349 508
350 403
350 416
350 490
350 508
351 483
351 393
351 382
351 403
352 530
352 492
352 361
352 388
352 450
352 394
352 416
353 472
353 441
353 508
353 416
354 476
354 416
354 516
354 490
355 388
355 377
355 443
355 403
355 429
355 441
355 368
356 516
356 401
356 453
356 366
356 483
356 475
356 371
357 490
357 472
357 371
357 527
357 421
357 416
358 516
359 394
359 401
359 441
359 490
360 527
360 394
360 490
361 527
361 516
361 416
362 490
362 441
363 394
363 416
364 366
364 459
365 395
365 421
365 490
366 508
366 421
366 472
367 385
367 516
367 421
368 443
368 393
368 421
368 490
368 472
369 445
369 443
370 416
370 472
370 490
370 421
370 508
371 421
371 516
371 416
371 432
372 394
372 416
372 421
372 432
373 516
373 385
373 421
374 418
374 426
374 422
374 392
375 441
376 472
376 508
376 398
376 529
376 379
377 472
377 421
378 392
379 443
379 441
379 421
379 472
380 420
380 385
380 409
380 432
381 490
381 516
381 393
381 416
382 483
382 393
382 528
382 443
383 416
383 516
383 498
384 516
384 394
384 385
384 421
384 416
385 490
385 476
385 421
386 400
386 527
386 508
386 403
386 472
386 459
387 472
387 443
387 441
387 421
388 473
388 416
388 450
388 394
389 420
389 416
389 508
389 432
389 457
390 476
390 490
390 436
390 416
390 401
391 395
391 409
391 516
392 394
392 516
392 420
393 490
393 516
393 476
394 476
394 508
394 416
395 441
395 516
395 421
395 490
396 439
396 421
396 490
396 445
397 445
397 443
398 529
398 441
398 443
399 495
399 490
399 444
399 406
399 452
400 472
400 421
400 516
401 416
402 474
403 441
403 508
403 416
404 516
404 413
405 483
405 475
406 490
406 409
406 416
407 490
407 416
408 420
408 472
408 413
408 409
408 516
409 516
410 453
410 508
410 457
411 472
412 422
412 446
412 450
412 445
413 416
413 516
415 445
415 424
416 421
416 490
417 490
418 448
418 516
419 421
419 432
420 490
420 516
421 441
421 490
421 472
422 527
422 472
422 490
423 441
424 459
424 429
425 490
425 443
425 472
426 495
426 432
426 453
426 439
427 490
427 483
427 472
428 495
428 429
429 490
429 441
430 490
430 483
430 472
431 451
432 457
432 516
434 441
436 527
436 516
437 445
437 441
437 516
438 483
438 508
439 490
439 459
440 441
442 443
443 472
444 472
444 490
446 490
447 508
447 457
448 516
448 476
449 472
449 483
450 490
451 516
451 483
452 490
452 483
453 516
453 457
453 476
454 483
456 516
457 508
458 490
460 468
460 495
460 489
461 483
461 508
461 472
462 483
462 528
462 529
462 508
463 490
463 483
464 490
464 508
465 468
465 475
465 528
465 472
465 483
466 476
466 498
467 475
467 483
468 490
468 476
469 474
470 472
470 483
470 508
472 490
474 476
474 485
475 483
475 516
476 490
477 498
478 483
479 490
479 516
479 508
480 508
480 483
481 490
482 483
483 508
484 490
485 490
485 508
486 490
486 527
487 516
487 527
489 495
489 530
491 495
491 498
492 530
493 516
494 502
496 498
497 527
498 527
499 530
499 516
511 514
512 516
514 527
518 527
519 528
528 529
