0 302
0 426
0 263
0 67
0 12
0 7
0 15
0 268
0 18
0 222
0 13
0 26
0 448
0 137
1 346
1 453
1 238
1 421
1 18
1 268
1 181
1 419
1 279
1 432
1 15
1 385
1 50
1 288
2 84
2 23
2 41
2 441
2 22
2 257
2 272
2 103
2 206
2 291
2 271
2 121
2 346
2 361
3 439
3 208
3 198
3 508
3 41
3 16
3 366
3 103
3 421
3 323
3 339
3 119
3 459
3 123
4 314
4 172
4 257
4 189
4 123
4 84
4 334
4 57
4 94
4 339
4 476
4 270
4 122
4 186
5 416
5 490
5 346
5 198
5 208
5 271
5 25
5 241
5 22
5 312
5 109
5 23
5 259
5 103
6 18
6 16
6 52
6 198
6 109
6 23
6 178
6 476
6 22
6 103
6 339
6 312
6 403
6 208
7 241
7 371
7 350
7 349
7 358
7 17
7 420
7 403
7 208
7 394
7 112
7 134
7 70
7 23
8 23
8 516
8 67
8 134
8 18
8 135
8 105
8 453
8 70
8 181
8 186
8 409
8 346
8 395
9 6
9 28
9 178
9 214
9 334
9 430
9 235
9 240
9 483
9 123
9 472
9 99
9 312
9 73
10 346
10 19
10 495
10 240
10 208
10 88
10 516
10 371
10 352
10 299
10 436
10 67
10 109
10 221
11 241
11 331
11 312
11 271
11 178
11 22
11 313
11 123
11 441
11 208
11 39
11 84
11 240
11 23
12 198
12 457
12 346
12 516
12 312
12 421
12 416
12 134
12 208
12 371
12 23
12 109
12 18
12 436
13 426
13 18
13 109
13 268
13 134
13 12
13 385
13 70
13 186
13 314
13 334
13 269
13 420
13 57
14 186
14 429
14 508
14 483
14 270
14 345
14 109
14 354
14 421
14 41
14 198
14 339
14 23
14 272
15 134
15 516
15 420
15 457
15 263
15 288
15 416
15 198
15 371
15 22
15 18
15 208
15 23
15 103
16 257
16 416
16 198
16 332
16 490
16 339
16 119
16 208
16 421
16 323
16 22
16 103
16 476
16 123
17 112
17 416
17 359
17 18
17 312
17 134
17 208
17 23
17 109
17 241
17 133
17 490
17 394
17 346
18 52
18 345
18 259
18 490
18 339
18 312
18 109
18 516
18 22
18 23
18 198
18 181
18 103
18 208
19 259
19 416
19 109
19 144
19 445
19 393
19 23
19 274
19 208
19 345
19 346
19 22
19 516
19 272
20 401
20 57
20 312
20 28
20 295
20 348
20 186
20 52
20 216
20 103
20 483
20 439
20 459
20 84
21 230
21 200
21 327
21 340
21 195
21 269
21 69
21 388
21 360
21 422
21 268
21 308
21 43
21 105
22 270
22 345
22 291
22 332
22 208
22 198
22 272
22 271
22 52
22 516
22 18
22 476
22 103
22 23
23 271
23 508
23 28
23 516
23 18
23 346
23 312
23 103
23 109
23 198
23 22
23 313
23 241
23 208
24 483
24 221
24 416
24 230
24 103
24 259
24 299
24 516
24 44
24 240
24 495
24 475
24 219
24 427
25 28
25 109
25 259
25 198
25 208
25 5
25 181
25 22
25 312
25 241
25 313
25 103
25 23
25 516
26 134
26 208
26 259
26 28
26 420
26 22
26 181
26 52
26 123
26 346
26 18
26 198
26 103
26 23
27 403
27 436
27 441
27 394
27 353
27 109
27 17
27 269
27 299
27 413
27 79
27 425
27 429
27 448
28 332
28 516
28 198
28 271
28 181
28 240
28 52
28 291
28 22
28 208
28 312
28 103
28 472
28 23
29 241
29 48
29 490
29 368
29 187
29 388
29 450
29 372
29 416
29 269
29 219
29 394
29 236
29 204
30 6
30 103
30 366
30 52
30 508
30 313
30 332
30 119
30 453
30 123
30 23
30 208
30 18
30 22
31 219
31 119
31 323
31 23
31 450
31 19
31 490
31 403
31 198
31 272
31 208
31 472
31 144
31 421
32 123
32 144
32 429
32 186
32 323
32 366
32 103
32 16
32 472
32 187
32 354
32 208
32 421
32 112
33 228
33 198
33 52
33 271
33 94
33 345
33 119
33 103
33 272
33 339
33 208
33 23
33 22
33 366
34 219
34 236
34 119
34 508
34 346
34 354
34 263
34 198
34 371
34 208
34 109
34 416
34 421
34 441
35 119
35 23
35 476
35 529
35 123
35 354
35 208
35 103
35 16
35 416
35 134
35 198
35 421
35 22
36 419
36 385
36 354
36 508
36 228
36 103
36 16
36 216
36 371
36 48
36 208
36 432
36 292
36 366
37 22
37 23
37 350
37 259
37 39
37 459
37 401
37 240
37 103
37 123
37 198
37 516
37 416
37 208
38 421
38 198
38 119
38 3
38 495
38 103
38 123
38 439
38 208
38 16
38 323
38 476
38 416
38 187
39 144
39 208
39 103
39 119
39 346
39 257
39 22
39 123
39 363
39 416
39 313
39 332
39 272
39 23
40 103
40 475
40 269
40 346
40 432
40 268
40 371
40 421
40 323
40 208
40 48
40 416
40 490
40 288
41 312
41 421
41 339
41 119
41 208
41 291
41 23
41 272
41 94
41 271
41 22
41 313
41 198
41 459
42 214
42 436
42 458
42 308
42 361
42 388
42 259
42 280
42 413
42 312
42 113
42 109
42 17
42 170
43 134
43 181
43 362
43 441
43 409
43 23
43 313
43 395
43 186
43 18
43 346
43 257
43 436
43 312
44 361
44 472
44 421
44 291
44 241
44 508
44 208
44 103
44 23
44 483
44 109
44 416
44 198
44 219
45 483
45 353
45 114
45 368
45 264
45 140
45 19
45 78
45 333
45 144
45 345
45 528
45 369
45 160
46 516
46 476
46 312
46 475
46 432
46 300
46 208
46 240
46 453
46 103
46 401
46 420
46 323
46 134
47 498
47 44
47 109
47 259
47 394
47 421
47 88
47 473
47 468
47 361
47 346
47 416
47 176
47 79
48 109
48 346
48 476
48 22
48 490
48 25
48 416
48 23
48 241
48 103
48 198
48 421
48 208
48 312
49 13
49 426
49 120
49 468
49 47
49 205
49 392
49 222
49 504
49 406
49 105
49 495
49 454
49 188
50 274
50 263
50 385
50 391
50 18
50 208
50 219
50 346
50 516
50 323
50 354
50 421
50 300
50 401
51 23
51 5
51 401
51 483
51 22
51 6
51 312
51 80
51 103
51 189
51 84
51 331
51 99
51 259
52 181
52 18
52 313
52 312
52 291
52 198
52 28
52 103
52 332
52 23
52 271
52 457
52 22
52 476
53 345
53 443
53 19
53 272
53 368
53 281
53 264
53 353
53 286
53 369
53 226
53 333
53 247
53 445
54 487
54 354
54 7
54 401
54 371
54 282
54 445
54 48
54 420
54 429
54 70
54 385
54 208
54 416
55 354
55 263
55 416
55 385
55 144
55 323
55 345
55 458
55 119
55 22
55 272
55 441
55 123
55 208
56 57
56 420
56 349
56 178
56 346
56 208
56 240
56 323
56 416
56 103
56 527
56 219
56 498
56 472
57 178
57 404
57 490
57 208
57 134
57 313
57 198
57 472
57 241
57 109
57 103
57 416
57 346
57 23
58 214
58 272
58 353
58 429
58 258
58 333
58 274
58 382
58 281
58 445
58 368
58 19
58 70
58 345
59 73
59 381
59 23
59 427
59 208
59 241
59 22
59 346
59 5
59 103
59 416
59 490
59 259
59 312
60 319
60 144
60 508
60 528
60 429
60 123
60 483
60 208
60 476
60 16
60 103
60 145
60 354
60 366
61 426
61 343
61 318
61 514
61 179
61 371
61 112
61 69
61 7
61 527
61 268
61 269
61 95
61 208
62 198
62 366
62 339
62 119
62 459
62 208
62 421
62 323
62 292
62 123
62 16
62 55
62 385
62 508
63 475
63 457
63 373
63 432
63 161
63 453
63 50
63 371
63 30
63 288
63 302
63 279
63 366
63 15
64 219
64 394
64 495
64 134
64 46
64 483
64 70
64 6
64 279
64 404
64 187
64 453
64 420
64 103
65 122
65 208
65 346
65 334
65 186
65 436
65 52
65 23
65 73
65 18
65 181
65 5
65 12
65 67
66 372
66 510
66 88
66 406
66 10
66 215
66 85
66 265
66 347
66 321
66 205
66 104
66 454
66 328
67 361
67 18
67 263
67 495
67 23
67 516
67 109
67 490
67 208
67 198
67 346
67 103
67 476
67 259
68 516
68 119
68 339
68 22
68 272
68 363
68 508
68 104
68 198
68 421
68 123
68 208
68 39
68 23
69 371
69 109
69 268
69 234
69 420
69 134
69 409
69 23
69 416
69 208
69 241
69 394
69 346
69 404
70 409
70 208
70 259
70 23
70 490
70 134
70 516
70 312
70 257
70 272
70 476
70 103
70 22
70 346
71 70
71 208
71 394
71 84
71 39
71 123
71 441
71 401
71 181
71 198
71 323
71 312
71 263
71 257
72 67
72 403
72 476
72 6
72 129
72 337
72 453
72 184
72 48
72 347
72 7
72 420
72 475
72 483
73 52
73 416
73 476
73 94
73 123
73 271
73 259
73 291
73 198
73 312
73 103
73 23
73 22
73 241
74 529
74 103
74 291
74 73
74 259
74 335
74 368
74 382
74 393
74 59
74 528
74 476
74 123
74 41
75 198
75 67
75 300
75 109
75 219
75 394
75 361
75 346
75 323
75 178
75 134
75 508
75 5
75 269
76 406
76 233
76 426
76 105
76 308
76 85
76 158
76 436
76 302
76 50
76 268
76 67
76 195
76 495
77 94
77 236
77 263
77 18
77 361
77 186
77 259
77 73
77 23
77 208
77 5
77 123
77 476
77 271
78 208
78 476
78 472
78 119
78 144
78 345
78 368
78 333
78 377
78 16
78 228
78 528
78 335
78 112
79 84
79 528
79 490
79 109
79 394
79 208
79 241
79 416
79 441
79 421
79 219
79 198
79 472
79 103
80 84
80 271
80 73
80 483
80 28
80 22
80 241
80 393
80 346
80 490
80 259
80 23
80 103
80 291
81 445
81 270
81 206
81 114
81 369
81 362
81 274
81 19
81 333
81 131
81 144
81 443
81 345
81 272
82 134
82 6
82 516
82 272
82 15
82 346
82 508
82 186
82 409
82 181
82 18
82 421
82 403
82 288
83 41
83 263
83 23
83 385
83 416
83 94
83 312
83 346
83 208
83 367
83 490
83 206
83 313
83 271
84 291
84 241
84 312
84 189
84 198
84 208
84 313
84 403
84 271
84 270
84 22
84 441
84 23
84 103
85 158
85 475
85 323
85 195
85 263
85 527
85 259
85 421
85 236
85 279
85 67
85 346
85 269
85 490
86 429
86 508
86 425
86 527
86 528
86 319
86 485
86 79
86 119
86 472
86 112
86 421
86 368
86 323
87 198
87 416
87 508
87 323
87 178
87 187
87 476
87 208
87 219
87 103
87 44
87 311
87 109
87 6
88 361
88 404
88 5
88 134
88 67
88 109
88 394
88 476
88 259
88 495
88 241
88 219
88 346
88 416
89 369
89 353
89 208
89 272
89 345
89 333
89 441
89 144
89 362
89 443
89 319
89 425
89 79
89 368
90 291
90 23
90 70
90 5
90 103
90 22
90 134
90 219
90 312
90 483
90 393
90 109
90 25
90 416
91 48
91 429
91 483
91 346
91 361
91 59
91 2
91 173
91 393
91 178
91 19
91 394
91 530
91 84
92 495
92 84
92 476
92 103
92 22
92 123
92 23
92 508
92 334
92 208
92 52
92 198
92 187
92 419
93 311
93 490
93 521
93 312
93 241
93 394
93 308
93 109
93 268
93 207
93 416
93 17
93 381
93 346
94 332
94 257
94 123
94 119
94 272
94 198
94 441
94 41
94 313
94 22
94 339
94 208
94 23
94 271
95 219
95 495
95 268
95 198
95 7
95 404
95 349
95 208
95 416
95 69
95 346
95 112
95 400
95 282
96 346
96 255
96 459
96 440
96 238
96 300
96 3
96 354
96 59
96 439
96 334
96 41
96 365
96 419
97 241
97 268
97 134
97 416
97 394
97 208
97 219
97 421
97 323
97 269
97 18
97 5
97 187
97 346
98 103
98 208
98 123
98 16
98 119
98 22
98 508
98 181
98 186
98 198
98 421
98 23
98 339
98 18
99 323
99 22
99 420
99 178
99 259
99 346
99 28
99 134
99 312
99 219
99 472
99 6
99 103
99 23
100 476
100 103
100 23
100 22
100 342
100 41
100 339
100 94
100 508
100 119
100 198
100 483
100 84
100 123
101 18
101 272
101 6
101 366
101 350
101 103
101 208
101 416
101 339
101 23
101 22
101 39
101 16
101 472
102 176
102 372
102 185
102 230
102 59
102 308
102 381
102 256
102 388
102 88
102 150
102 24
102 530
102 47
103 271
103 312
103 52
103 416
103 490
103 291
103 241
103 22
103 198
103 28
103 23
103 476
103 516
103 208
104 420
104 393
104 123
104 103
104 22
104 109
104 394
104 23
104 68
104 241
104 208
104 339
104 350
104 508
105 516
105 257
105 214
105 134
105 420
105 69
105 142
105 204
105 395
105 409
105 381
105 268
105 318
105 346
106 343
106 63
106 344
106 15
106 426
106 432
106 26
106 476
106 134
106 279
106 129
106 420
106 67
106 57
107 144
107 516
107 334
107 332
107 271
107 22
107 393
107 257
107 214
107 103
107 346
107 490
107 123
107 395
108 413
108 416
108 243
108 75
108 372
108 13
108 340
108 420
108 158
108 269
108 230
108 346
108 394
108 15
109 5
109 516
109 259
109 241
109 208
109 22
109 103
109 346
109 416
109 420
109 23
109 134
109 490
109 198
110 112
110 348
110 429
110 403
110 319
110 368
110 226
110 144
110 272
110 443
110 528
110 333
110 94
110 335
111 346
111 468
111 269
111 312
111 495
111 300
111 73
111 48
111 57
111 241
111 59
111 490
111 238
111 439
112 490
112 421
112 272
112 346
112 371
112 198
112 84
112 23
112 208
112 134
112 403
112 109
112 508
112 241
113 23
113 490
113 112
113 429
113 109
113 79
113 350
113 416
113 241
113 178
113 313
113 84
113 198
113 208
114 369
114 274
114 345
114 335
114 368
114 272
114 333
114 160
114 144
114 472
114 528
114 443
114 379
114 429
115 401
115 18
115 453
115 134
115 123
115 103
115 483
115 208
115 339
115 472
115 84
115 30
115 6
115 476
116 28
116 52
116 416
116 181
116 332
116 312
116 39
116 421
116 198
116 22
116 103
116 18
116 23
116 208
117 334
117 39
117 345
117 119
117 94
117 103
117 181
117 144
117 441
117 22
117 16
117 271
117 476
117 272
118 385
118 19
118 403
118 144
118 472
118 129
118 145
118 6
118 124
118 333
118 450
118 372
118 429
118 373
119 508
119 366
119 313
119 22
119 198
119 208
119 271
119 272
119 123
119 441
119 23
119 103
119 421
119 94
120 334
120 490
120 16
120 204
120 346
120 123
120 59
120 476
120 187
120 259
120 420
120 323
120 103
120 416
121 208
121 271
121 416
121 219
121 241
121 73
121 22
121 23
121 123
121 198
121 319
121 103
121 291
121 490
122 198
122 476
122 52
122 25
122 5
122 123
122 103
122 181
122 23
122 259
122 339
122 18
122 208
122 22
123 291
123 332
123 490
123 39
123 323
123 241
123 271
123 208
123 339
123 103
123 22
123 23
123 198
123 119
124 429
124 144
124 416
124 385
124 508
124 104
124 349
124 350
124 7
124 403
124 228
124 366
124 208
124 112
125 516
125 204
125 268
125 236
125 312
125 134
125 241
125 103
125 208
125 219
125 416
125 23
125 346
125 490
126 416
126 148
126 350
126 119
126 432
126 342
126 385
126 366
126 292
126 103
126 178
126 508
126 208
126 198
127 429
127 16
127 343
127 187
127 123
127 70
127 3
127 323
127 354
127 476
127 472
127 459
127 421
127 319
128 306
128 203
128 377
128 300
128 129
128 384
128 50
128 3
128 187
128 34
128 343
128 16
128 15
128 67
129 123
129 416
129 269
129 16
129 134
129 6
129 109
129 385
129 476
129 420
129 208
129 18
129 371
129 366
130 472
130 148
130 339
130 100
130 226
130 377
130 461
130 483
130 172
130 333
130 382
130 353
130 214
130 253
131 445
131 441
131 94
131 270
131 429
131 226
131 333
131 144
131 345
131 362
131 208
131 443
131 272
131 274
132 346
132 395
132 354
132 189
132 401
132 198
132 18
132 23
132 323
132 490
132 22
132 257
132 123
132 270
133 39
133 259
133 134
133 17
133 208
133 490
133 109
133 23
133 416
133 198
133 241
133 240
133 346
133 516
134 312
134 394
134 490
134 476
134 103
134 208
134 516
134 198
134 23
134 346
134 22
134 416
134 109
134 241
135 272
135 103
135 257
135 28
135 181
135 39
135 421
135 332
135 23
135 22
135 346
135 490
135 208
135 395
136 490
136 84
136 259
136 291
136 208
136 109
136 198
136 23
136 516
136 22
136 271
136 103
136 123
136 241
137 119
137 238
137 508
137 77
137 94
137 423
137 186
137 339
137 436
137 385
137 394
137 57
137 62
137 34
138 235
138 84
138 315
138 319
138 271
138 123
138 403
138 214
138 441
138 80
138 6
138 334
138 483
138 186
139 291
139 103
139 16
139 468
139 394
139 368
139 319
139 121
139 187
139 123
139 528
139 529
139 476
139 323
140 425
140 346
140 94
140 476
140 144
140 333
140 226
140 272
140 257
140 483
140 394
140 528
140 443
140 368
141 312
141 109
141 381
141 444
141 80
141 5
141 416
141 73
141 490
141 259
141 204
141 346
141 59
141 67
142 312
142 259
142 527
142 409
142 416
142 5
142 241
142 39
142 23
142 490
142 346
142 395
142 362
142 257
143 339
143 529
143 483
143 198
143 103
143 22
143 495
143 123
143 346
143 52
143 472
143 16
143 476
143 323
144 270
144 39
144 490
144 23
144 312
144 443
144 333
144 22
144 274
144 208
144 345
144 362
144 272
144 441
145 241
145 189
145 144
145 119
145 84
145 508
145 208
145 271
145 22
145 103
145 23
145 476
145 198
145 350
146 39
146 472
146 103
146 416
146 269
146 312
146 516
146 109
146 219
146 259
146 334
146 241
146 204
146 490
147 291
147 189
147 516
147 263
147 5
147 198
147 22
147 271
147 259
147 527
147 23
147 490
147 208
147 103
148 366
148 312
148 84
148 208
148 119
148 22
148 198
148 23
148 178
148 263
148 271
148 103
148 508
148 476
149 323
149 495
149 492
149 219
149 243
149 458
149 75
149 279
149 67
149 428
149 346
149 56
149 367
149 50
150 105
150 205
150 308
150 204
150 195
150 176
150 346
150 504
150 352
150 47
150 24
150 489
150 530
150 381
151 271
151 103
151 346
151 416
151 204
151 257
151 259
151 22
151 59
151 476
151 490
151 381
151 5
151 109
152 318
152 12
152 222
152 346
152 43
152 179
152 234
152 504
152 238
152 69
152 259
152 381
152 456
152 268
153 476
153 5
153 204
153 271
153 259
153 404
153 483
153 103
153 73
153 67
153 346
153 109
153 416
153 334
154 432
154 368
154 382
154 187
154 48
154 429
154 208
154 476
154 366
154 385
154 354
154 216
154 342
154 419
155 44
155 216
155 368
155 335
155 226
155 330
155 443
155 214
155 462
155 312
155 393
155 529
155 177
155 291
156 386
156 368
156 263
156 453
156 403
156 219
156 7
156 361
156 208
156 508
156 527
156 349
156 472
156 421
157 44
157 263
157 346
157 371
157 112
157 472
157 368
157 394
157 219
157 269
157 208
157 79
157 421
157 198
158 269
158 123
158 394
158 490
158 483
158 527
158 421
158 257
158 323
158 134
158 23
158 420
158 263
158 346
159 403
159 401
159 79
159 22
159 189
159 259
159 346
159 70
159 198
159 416
159 103
159 123
159 208
159 84
160 208
160 274
160 55
160 335
160 22
160 368
160 16
160 144
160 445
160 272
160 345
160 333
160 19
160 379
161 279
161 25
161 371
161 288
161 5
161 109
161 436
161 457
161 23
161 15
161 18
161 420
161 432
161 12
162 401
162 22
162 208
162 394
162 346
162 421
162 263
162 48
162 103
162 334
162 323
162 123
162 134
162 476
163 236
163 401
163 67
163 257
163 490
163 361
163 103
163 259
163 393
163 134
163 208
163 416
163 346
163 476
164 403
164 28
164 178
164 416
164 472
164 240
164 391
164 103
164 312
164 313
164 23
164 516
164 6
164 409
165 263
165 236
165 73
165 312
165 123
165 346
165 208
165 109
165 103
165 416
165 404
165 198
165 23
165 18
166 530
166 103
166 346
166 41
166 219
166 187
166 354
166 468
166 22
166 382
166 416
166 334
166 476
166 5
167 103
167 416
167 530
167 393
167 109
167 483
167 15
167 187
167 323
167 18
167 527
167 19
167 450
167 420
168 346
168 103
168 395
168 18
168 145
168 257
168 94
168 67
168 208
168 16
168 144
168 476
168 416
168 15
169 286
169 228
169 451
169 237
169 367
169 287
169 55
169 471
169 279
169 63
169 397
169 33
169 253
169 321
170 48
170 236
170 358
170 269
170 109
170 346
170 349
170 312
170 259
170 234
170 219
170 394
170 134
170 5
171 109
171 334
171 312
171 28
171 483
171 332
171 457
171 346
171 23
171 6
171 476
171 52
171 103
171 22
172 23
172 22
172 508
172 476
172 94
172 241
172 483
172 529
172 208
172 103
172 416
172 403
172 339
172 84
173 240
173 5
173 368
173 361
173 241
173 23
173 236
173 198
173 25
173 22
173 346
173 312
173 291
173 208
174 271
174 443
174 441
174 145
174 361
174 238
174 55
174 483
174 429
174 144
174 354
174 382
174 276
174 445
175 3
175 48
175 262
175 427
175 475
175 284
175 204
175 9
175 99
175 28
175 453
175 430
175 240
175 390
176 70
176 219
176 381
176 5
176 393
176 259
176 173
176 472
176 257
176 368
176 416
176 312
176 204
176 346
177 346
177 241
177 123
177 257
177 291
177 94
177 312
177 345
177 272
177 186
177 84
177 23
177 22
177 208
178 272
178 123
178 516
178 313
178 109
178 22
178 103
178 23
178 508
178 198
178 84
178 241
178 208
178 312
179 426
179 421
179 432
179 394
179 208
179 527
179 371
179 416
179 219
179 346
179 268
179 198
179 263
179 125
180 400
180 187
180 361
180 70
180 375
180 48
180 127
180 7
180 368
180 394
180 393
180 349
180 148
180 219
181 257
181 259
181 332
181 25
181 28
181 18
181 208
181 395
181 103
181 23
181 22
181 313
181 312
181 198
182 312
182 130
182 155
182 148
182 393
182 375
182 216
182 173
182 9
182 177
182 214
182 339
182 430
182 438
183 521
183 184
183 388
183 158
183 7
183 269
183 422
183 308
183 504
183 404
183 219
183 371
183 514
183 384
184 198
184 313
184 103
184 490
184 483
184 22
184 516
184 109
184 134
184 23
184 259
184 346
184 420
184 241
185 5
185 88
185 19
185 492
185 489
185 195
185 346
185 473
185 381
185 299
185 24
185 388
185 530
185 352
186 346
186 18
186 332
186 257
186 22
186 354
186 177
186 339
186 181
186 272
186 208
186 270
186 94
186 23
187 516
187 109
187 323
187 18
187 219
187 103
187 346
187 198
187 208
187 23
187 22
187 421
187 416
187 259
188 84
188 371
188 420
188 403
188 208
188 23
188 112
188 69
188 70
188 346
188 109
188 7
188 18
188 313
189 5
189 416
189 241
189 123
189 313
189 22
189 23
189 84
189 259
189 103
189 208
189 271
189 198
189 490
190 282
190 476
190 52
190 385
190 103
190 6
190 208
190 342
190 30
190 432
190 366
190 410
190 181
190 23
191 441
191 263
191 366
191 119
191 483
191 354
191 48
191 186
191 432
191 55
191 39
191 272
191 429
191 208
192 198
192 6
192 334
192 241
192 48
192 393
192 109
192 476
192 312
192 178
192 219
192 291
192 498
192 103
193 6
193 145
193 332
193 23
193 312
193 80
193 144
193 214
193 103
193 272
193 346
193 28
193 516
193 22
194 241
194 59
194 495
194 219
194 468
194 416
194 476
194 490
194 187
194 103
194 291
194 259
194 121
194 498
195 67
195 219
195 257
195 5
195 416
195 268
195 346
195 394
195 69
195 318
195 527
195 361
195 259
195 308
196 208
196 134
196 527
196 269
196 142
196 476
196 394
196 79
196 22
196 67
196 257
196 490
196 144
196 241
197 300
197 121
197 48
197 206
197 178
197 79
197 472
197 148
197 385
197 346
197 361
197 187
197 382
197 221
198 119
198 219
198 516
198 312
198 241
198 22
198 103
198 23
198 208
198 263
198 274
198 291
198 508
198 421
199 134
199 263
199 476
199 208
199 103
199 109
199 404
199 508
199 241
199 421
199 472
199 48
199 23
199 198
200 394
200 417
200 17
200 230
200 268
200 361
200 125
200 360
200 133
200 327
200 195
200 352
200 308
200 388
201 516
201 259
201 495
201 73
201 490
201 142
201 241
201 103
201 404
201 109
201 23
201 409
201 22
201 346
202 361
202 436
202 381
202 334
202 452
202 219
202 88
202 229
202 5
202 416
202 24
202 269
202 34
202 230
203 94
203 198
203 22
203 123
203 346
203 339
203 394
203 291
203 476
203 103
203 208
203 23
203 421
203 257
204 25
204 240
204 5
204 416
204 73
204 23
204 241
204 490
204 346
204 259
204 291
204 103
204 257
204 109
205 490
205 393
205 103
205 381
205 483
205 259
205 241
205 416
205 495
205 109
205 204
205 346
205 240
205 498
206 144
206 270
206 445
206 516
206 345
206 208
206 22
206 272
206 271
206 441
206 274
206 251
206 23
206 346
207 516
207 236
207 22
207 476
207 23
207 241
207 394
207 259
207 490
207 134
207 208
207 109
207 346
207 103
208 84
208 313
208 241
208 421
208 508
208 490
208 274
208 119
208 272
208 103
208 198
208 345
208 22
208 23
209 6
209 70
209 472
209 516
209 284
209 187
209 99
209 22
209 312
209 28
209 393
209 483
209 259
209 103
210 5
210 121
210 416
210 73
210 187
210 238
210 490
210 103
210 67
210 259
210 263
210 427
210 346
210 268
211 125
211 79
211 416
211 404
211 346
211 195
211 219
211 69
211 259
211 527
211 75
211 158
211 361
211 388
212 12
212 18
212 268
212 34
212 40
212 263
212 15
212 423
212 421
212 208
212 371
212 243
212 158
212 288
213 208
213 483
213 48
213 366
213 453
213 103
213 339
213 38
213 419
213 476
213 187
213 3
213 354
213 145
214 339
214 272
214 181
214 332
214 483
214 346
214 103
214 178
214 259
214 240
214 312
214 23
214 22
214 123
215 230
215 369
215 276
215 436
215 3
215 311
215 253
215 353
215 57
215 424
215 346
215 429
215 406
215 129
216 291
216 16
216 22
216 208
216 385
216 312
216 459
216 103
216 123
216 198
216 263
216 419
216 18
216 178
217 392
217 426
217 343
217 29
217 279
217 290
217 243
217 360
217 7
217 149
217 75
217 455
217 428
217 179
218 358
218 388
218 5
218 112
218 142
218 394
218 269
218 490
218 109
218 241
218 207
218 346
218 17
218 69
219 394
219 263
219 323
219 291
219 241
219 187
219 22
219 421
219 198
219 416
219 472
219 103
219 208
219 23
220 352
220 407
220 372
220 269
220 34
220 346
220 308
220 69
220 195
220 388
220 88
220 422
220 230
220 67
221 241
221 109
221 527
221 259
221 453
221 420
221 23
221 334
221 5
221 240
221 391
221 361
221 516
221 103
222 312
222 421
222 241
222 259
222 142
222 67
222 109
222 268
222 269
222 416
222 134
222 69
222 346
222 388
223 483
223 109
223 432
223 516
223 527
223 22
223 323
223 208
223 18
223 495
223 103
223 420
223 23
223 476
224 368
224 228
224 17
224 345
224 333
224 346
224 55
224 272
224 353
224 445
224 70
224 443
224 19
224 144
225 409
225 109
225 420
225 429
225 311
225 354
225 508
225 178
225 177
225 6
225 17
225 112
225 272
225 312
226 208
226 345
226 441
226 335
226 319
226 443
226 272
226 271
226 362
226 369
226 333
226 94
226 144
226 472
227 472
227 57
227 116
227 16
227 208
227 350
227 112
227 123
227 7
227 18
227 67
227 377
227 35
227 421
228 313
228 274
228 472
228 272
228 198
228 23
228 41
228 339
228 345
228 208
228 370
228 421
228 119
228 508
229 187
229 508
229 236
229 67
229 416
229 436
229 5
229 219
229 34
229 334
229 148
229 109
229 495
229 404
230 269
230 259
230 24
230 268
230 299
230 346
230 527
230 354
230 483
230 361
230 5
230 416
230 109
230 219
231 70
231 516
231 312
231 238
231 19
231 373
231 391
231 22
231 270
231 527
231 18
231 15
231 288
231 409
232 459
232 371
232 18
232 472
232 312
232 313
232 69
232 404
232 416
232 346
232 208
232 198
232 421
232 23
233 47
233 388
233 19
233 346
233 176
233 490
233 219
233 67
233 105
233 454
233 204
233 184
233 195
233 308
234 69
234 103
234 416
234 84
234 134
234 236
234 516
234 259
234 198
234 241
234 109
234 208
234 23
234 346
235 240
235 236
235 416
235 6
235 271
235 291
235 516
235 103
235 312
235 73
235 214
235 28
235 23
235 472
236 109
236 208
236 198
236 219
236 263
236 5
236 103
236 490
236 346
236 23
236 22
236 18
236 421
236 291
237 208
237 508
237 385
237 7
237 112
237 228
237 371
237 48
237 55
237 403
237 17
237 349
237 429
237 124
238 181
238 490
238 214
238 123
238 416
238 103
238 208
238 354
238 257
238 22
238 346
238 421
238 23
238 39
239 323
239 441
239 345
239 516
239 103
239 23
239 136
239 421
239 198
239 476
239 22
239 272
239 459
239 208
240 39
240 416
240 490
240 198
240 208
240 109
240 483
240 312
240 103
240 22
240 516
240 28
240 23
240 241
241 312
241 259
241 350
241 516
241 134
241 476
241 416
241 198
241 490
241 109
241 22
241 208
241 103
241 23
242 354
242 238
242 144
242 312
242 5
242 272
242 186
242 59
242 142
242 70
242 443
242 177
242 382
242 207
243 527
243 18
243 208
243 279
243 373
243 404
243 186
243 219
243 354
243 432
243 323
243 436
243 385
243 421
244 6
244 295
244 271
244 312
244 28
244 270
244 2
244 387
244 445
244 103
244 274
244 310
244 272
244 443
245 393
245 490
245 259
245 241
245 208
245 148
245 84
245 5
245 19
245 361
245 113
245 236
245 381
245 109
246 18
246 323
246 516
246 189
246 483
246 147
246 23
246 198
246 271
246 409
246 472
246 103
246 22
246 346
247 353
247 228
247 335
247 19
247 445
247 144
247 206
247 333
247 272
247 33
247 345
247 286
247 369
247 281
248 25
248 268
248 323
248 23
248 18
248 346
248 181
248 186
248 432
248 371
248 69
248 112
248 6
248 99
249 356
249 300
249 70
249 377
249 354
249 219
249 214
249 208
249 187
249 186
249 19
249 288
249 15
249 18
250 158
250 67
250 372
250 308
250 157
250 422
250 34
250 48
250 384
250 69
250 444
250 394
250 222
250 88
251 181
251 263
251 441
251 41
251 257
251 238
251 346
251 445
251 206
251 186
251 272
251 23
251 271
251 313
252 57
252 490
252 346
252 436
252 332
252 186
252 238
252 268
252 483
252 18
252 354
252 424
252 55
252 251
253 475
253 361
253 186
253 367
253 279
253 346
253 238
253 354
253 423
253 419
253 445
253 148
253 271
253 483
254 48
254 207
254 41
254 280
254 109
254 416
254 73
254 476
254 527
254 394
254 361
254 259
254 5
254 346
255 123
255 263
255 103
255 94
255 274
255 181
255 441
255 198
255 208
255 22
255 119
255 23
255 421
255 272
256 125
256 393
256 208
256 394
256 416
256 381
256 383
256 103
256 241
256 498
256 219
256 187
256 530
256 346
257 312
257 271
257 198
257 208
257 94
257 39
257 103
257 395
257 332
257 23
257 22
257 490
257 441
257 346
258 527
258 323
258 445
258 22
258 70
258 346
258 208
258 259
258 300
258 263
258 271
258 272
258 490
258 206
259 28
259 312
259 189
259 346
259 490
259 516
259 22
259 198
259 241
259 5
259 109
259 23
259 208
259 103
260 228
260 23
260 103
260 453
260 385
260 421
260 429
260 472
260 366
260 119
260 333
260 272
260 516
260 404
261 57
261 483
261 23
261 453
261 109
261 420
261 208
261 52
261 22
261 18
261 103
261 123
261 495
261 240
262 426
262 263
262 459
262 103
262 3
262 187
262 368
262 472
262 123
262 48
262 219
262 312
262 323
262 421
263 313
263 490
263 119
263 312
263 441
263 198
263 421
263 103
263 508
263 84
263 208
263 271
263 23
263 22
264 335
264 429
264 443
264 41
264 362
264 421
264 228
264 368
264 144
264 333
264 274
264 445
264 345
264 272
265 187
265 382
265 178
265 208
265 84
265 354
265 393
265 361
265 103
265 109
265 346
265 468
265 259
265 483
266 22
266 178
266 145
266 103
266 104
266 123
266 339
266 350
266 476
266 16
266 528
266 393
266 366
266 508
267 258
267 238
267 272
267 251
267 41
267 276
267 445
267 281
267 286
267 429
267 228
267 55
267 353
267 206
268 516
268 103
268 416
268 420
268 371
268 259
268 208
268 241
268 23
268 346
268 490
268 18
268 109
268 312
269 73
269 403
269 476
269 103
269 421
269 23
269 394
269 219
269 490
269 198
269 416
269 208
269 241
269 109
270 103
270 313
270 362
270 332
270 339
270 198
270 84
270 23
270 272
270 271
270 22
270 345
270 312
270 274
271 291
271 516
271 22
271 23
271 346
271 332
271 313
271 441
271 208
271 198
271 119
271 103
271 94
271 272
272 270
272 443
272 119
272 313
272 198
272 271
272 274
272 362
272 345
272 144
272 22
272 441
272 23
272 208
273 148
273 57
273 385
273 122
273 100
273 354
273 178
273 342
273 103
273 119
273 339
273 459
273 123
273 483
274 271
274 103
274 362
274 272
274 421
274 22
274 270
274 312
274 144
274 208
274 23
274 345
274 441
274 198
275 271
275 263
275 241
275 103
275 516
275 198
275 22
275 236
275 404
275 346
275 259
275 208
275 25
275 23
276 263
276 103
276 186
276 445
276 251
276 206
276 23
276 429
276 346
276 345
276 441
276 208
276 238
276 272
277 208
277 238
277 52
277 257
277 186
277 263
277 354
277 476
277 16
277 181
277 23
277 385
277 134
277 22
278 98
278 50
278 128
278 18
278 187
278 366
278 186
278 46
278 292
278 401
278 30
278 3
278 377
278 16
279 420
279 409
279 421
279 57
279 453
279 25
279 367
279 313
279 288
279 404
279 346
279 23
279 432
279 516
280 313
280 22
280 17
280 109
280 271
280 25
280 23
280 516
280 5
280 490
280 208
280 332
280 346
280 259
281 353
281 516
281 373
281 445
281 206
281 429
281 208
281 346
281 274
281 345
281 272
281 421
281 335
281 228
282 385
282 516
282 331
282 257
282 23
282 416
282 313
282 421
282 346
282 395
282 198
282 208
282 490
282 112
283 263
283 67
283 96
283 300
283 396
283 422
283 230
283 361
283 360
283 238
283 423
283 258
283 346
283 440
284 472
284 241
284 393
284 490
284 23
284 44
284 119
284 22
284 483
284 198
284 103
284 28
284 291
284 123
285 25
285 70
285 445
285 272
285 23
285 409
285 516
285 313
285 318
285 371
285 362
285 18
285 345
285 181
286 33
286 345
286 429
286 272
286 279
286 353
286 371
286 516
286 483
286 445
286 281
286 475
286 346
286 208
287 354
287 41
287 353
287 345
287 238
287 312
287 144
287 33
287 445
287 206
287 272
287 251
287 70
287 186
288 385
288 22
288 263
288 18
288 238
288 181
288 421
288 103
288 432
288 457
288 366
288 312
288 208
288 23
289 148
289 413
289 385
289 198
289 429
289 94
289 119
289 476
289 459
289 178
289 208
289 16
289 48
289 300
290 419
290 421
290 238
290 103
290 453
290 279
290 288
290 516
290 302
290 318
290 401
290 432
290 18
290 475
291 319
291 274
291 241
291 421
291 123
291 28
291 198
291 312
291 271
291 103
291 22
291 23
291 490
291 208
292 123
292 263
292 323
292 119
292 178
292 421
292 22
292 366
292 23
292 208
292 198
292 508
292 103
292 385
293 73
293 291
293 490
293 495
293 403
293 354
293 187
293 516
293 103
293 22
293 67
293 476
293 208
293 18
294 219
294 490
294 483
294 84
294 184
294 516
294 59
294 354
294 259
294 393
294 187
294 204
294 416
294 70
295 313
295 28
295 23
295 109
295 291
295 257
295 198
295 204
295 208
295 103
295 346
295 409
295 312
295 259
296 476
296 103
296 345
296 339
296 346
296 23
296 206
296 123
296 272
296 271
296 22
296 516
296 332
296 25
297 337
297 123
297 430
297 419
297 187
297 339
297 216
297 203
297 16
297 403
297 284
297 103
297 483
297 3
298 176
298 395
298 272
298 409
298 377
298 353
298 214
298 391
298 446
298 516
298 369
298 334
298 312
298 346
299 483
299 263
299 421
299 416
299 144
299 429
299 103
299 441
299 79
299 472
299 219
299 208
299 198
299 323
300 401
300 312
300 274
300 22
300 271
300 361
300 259
300 421
300 346
300 103
300 208
300 516
300 198
300 490
301 441
301 348
301 445
301 114
301 335
301 19
301 214
301 272
301 443
301 144
301 366
301 333
301 206
301 345
302 404
302 421
302 208
302 346
302 409
302 263
302 432
302 23
302 312
302 318
302 371
302 18
302 198
302 401
303 416
303 510
303 420
303 417
303 57
303 378
303 241
303 394
303 204
303 125
303 79
303 352
303 113
303 308
304 483
304 443
304 393
304 28
304 208
304 516
304 272
304 345
304 103
304 379
304 472
304 22
304 476
304 366
305 311
305 421
305 16
305 323
305 103
305 429
305 416
305 123
305 476
305 94
305 366
305 339
305 39
305 472
306 208
306 19
306 334
306 263
306 300
306 311
306 67
306 354
306 483
306 103
306 187
306 429
306 145
306 382
307 332
307 257
307 312
307 73
307 339
307 483
307 238
307 346
307 354
307 123
307 16
307 416
307 214
307 39
308 125
308 109
308 372
308 113
308 269
308 352
308 346
308 416
308 268
308 195
308 69
308 388
308 17
308 394
309 206
309 2
309 446
309 257
309 109
309 361
309 23
309 346
309 312
309 73
309 271
309 25
309 204
309 5
310 241
310 181
310 516
310 123
310 144
310 198
310 28
310 274
310 208
310 22
310 272
310 23
310 345
310 103
311 508
311 350
311 472
311 198
311 208
311 6
311 178
311 416
311 312
311 109
311 346
311 476
311 23
311 103
312 241
312 198
312 270
312 274
312 22
312 272
312 28
312 416
312 313
312 472
312 23
312 208
312 103
312 271
313 94
313 271
313 181
313 119
313 23
313 490
313 22
313 84
313 332
313 441
313 208
313 198
313 272
313 312
314 270
314 404
314 52
314 332
314 23
314 339
314 73
314 123
314 409
314 457
314 18
314 6
314 22
314 334
315 134
315 123
315 483
315 178
315 257
315 103
315 23
315 409
315 22
315 272
315 346
315 6
315 332
315 312
316 475
316 52
316 401
316 123
316 421
316 288
316 119
316 516
316 432
316 445
316 39
316 453
316 385
316 366
317 354
317 371
317 16
317 238
317 346
317 490
317 413
317 39
317 48
317 421
317 300
317 240
317 385
317 416
318 268
318 109
318 134
318 241
318 259
318 475
318 23
318 69
318 404
318 409
318 416
318 420
318 302
318 346
319 123
319 23
319 421
319 198
319 94
319 119
319 508
319 103
319 271
319 472
319 272
319 22
319 291
319 441
320 353
320 94
320 228
320 377
320 112
320 366
320 6
320 148
320 84
320 508
320 339
320 342
320 403
320 348
321 55
321 483
321 445
321 323
321 187
321 208
321 368
321 144
321 443
321 160
321 19
321 186
321 429
321 333
322 483
322 300
322 73
322 361
322 416
322 299
322 353
322 436
322 57
322 79
322 394
322 354
322 382
322 346
323 490
323 198
323 508
323 103
323 416
323 119
323 219
323 123
323 472
323 16
323 22
323 23
323 421
323 208
324 409
324 385
324 350
324 429
324 346
324 134
324 490
324 6
324 332
324 432
324 366
324 208
324 436
324 312
325 23
325 144
325 373
325 312
325 385
325 103
325 272
325 22
325 350
325 371
325 216
325 18
325 363
325 208
326 16
326 52
326 409
326 350
326 208
326 366
326 312
326 39
326 508
326 472
326 313
326 403
326 23
326 119
327 318
327 241
327 361
327 360
327 313
327 527
327 57
327 269
327 346
327 17
327 490
327 413
327 268
327 404
328 187
328 55
328 48
328 459
328 133
328 219
328 403
328 458
328 394
328 527
328 420
328 361
328 7
328 393
329 483
329 234
329 361
329 451
329 346
329 436
329 109
329 208
329 5
329 416
329 354
329 178
329 187
329 259
330 271
330 22
330 28
330 472
330 198
330 483
330 393
330 6
330 178
330 23
330 291
330 312
330 346
330 103
331 395
331 313
331 332
331 84
331 103
331 516
331 18
331 241
331 208
331 22
331 198
331 134
331 23
331 109
332 490
332 123
332 52
332 257
332 23
332 103
332 346
332 22
332 271
332 516
332 272
332 312
332 313
332 39
333 22
333 335
333 208
333 516
333 368
333 144
333 270
333 272
333 274
333 441
333 472
333 345
333 362
333 443
334 109
334 123
334 516
334 73
334 476
334 332
334 312
334 198
334 271
334 52
334 22
334 23
334 346
334 103
335 41
335 270
335 472
335 483
335 312
335 103
335 22
335 119
335 23
335 208
335 198
335 274
335 345
335 272
336 459
336 263
336 288
336 490
336 483
336 48
336 28
336 103
336 214
336 312
336 453
336 366
336 16
336 148
337 103
337 198
337 186
337 48
337 483
337 23
337 41
337 208
337 312
337 94
337 339
337 272
337 270
337 22
338 213
338 421
338 453
338 38
338 48
338 502
338 366
338 3
338 123
338 30
338 16
338 483
338 429
338 103
339 181
339 208
339 332
339 18
339 103
339 22
339 94
339 123
339 23
339 109
339 508
339 270
339 198
339 16
340 69
340 372
340 358
340 75
340 234
340 7
340 308
340 346
340 487
340 394
340 268
340 388
340 420
340 428
341 416
341 516
341 103
341 178
341 323
341 198
341 263
341 84
341 208
341 346
341 23
341 219
341 109
341 291
342 178
342 516
342 339
342 198
342 23
342 123
342 313
342 119
342 208
342 22
342 508
342 94
342 103
342 181
343 241
343 476
343 421
343 257
343 394
343 23
343 16
343 123
343 198
343 103
343 208
343 134
343 346
343 490
344 55
344 288
344 429
344 366
344 371
344 238
344 459
344 401
344 385
344 420
344 122
344 302
344 432
344 25
345 421
345 119
345 270
345 312
345 362
345 441
345 443
345 198
345 22
345 274
345 23
345 144
345 208
345 272
346 490
346 257
346 332
346 23
346 271
346 272
346 441
346 208
346 416
346 103
346 198
346 22
346 109
346 312
347 416
347 134
347 404
347 23
347 453
347 18
347 421
347 198
347 263
347 334
347 208
347 346
347 103
347 475
348 429
348 94
348 39
348 350
348 441
348 22
348 144
348 362
348 123
348 119
348 508
348 84
348 208
348 272
349 84
349 219
349 109
349 22
349 323
349 421
349 23
349 103
349 403
349 208
349 472
349 134
349 508
349 198
350 145
350 104
350 134
350 403
350 109
350 416
350 490
350 103
350 23
350 198
350 22
350 508
350 208
350 241
351 103
351 144
351 208
351 41
351 483
351 393
351 382
351 6
351 271
351 109
351 272
351 403
351 22
351 335
352 530
352 492
352 361
352 219
352 308
352 195
352 388
352 236
352 207
352 79
352 450
352 133
352 394
352 416
353 22
353 472
353 23
353 346
353 441
353 508
353 144
353 416
353 271
353 312
353 198
353 208
353 272
353 345
354 345
354 476
354 39
354 103
354 272
354 23
354 208
354 198
354 416
354 144
354 22
354 516
354 346
354 490
355 388
355 377
355 144
355 272
355 353
355 443
355 403
355 429
355 441
355 19
355 368
355 79
355 89
355 333
356 516
356 103
356 323
356 259
356 23
356 123
356 401
356 453
356 366
356 483
356 475
356 208
356 263
356 371
357 187
357 490
357 472
357 346
357 371
357 323
357 219
357 208
357 67
357 527
357 421
357 198
357 416
357 103
358 25
358 259
358 7
358 346
358 103
358 134
358 241
358 17
358 109
358 312
358 208
358 23
358 198
358 516
359 394
359 22
359 312
359 109
359 401
359 134
359 441
359 17
359 490
359 346
359 208
359 39
359 23
359 84
360 263
360 527
360 18
360 318
360 208
360 394
360 234
360 69
360 268
360 490
360 346
360 236
360 259
360 17
361 5
361 219
361 274
361 527
361 516
361 416
361 22
361 198
361 241
361 263
361 23
361 103
361 346
361 208
362 313
362 490
362 198
362 271
362 270
362 345
362 441
362 22
362 272
362 274
362 241
362 144
362 23
362 208
363 257
363 123
363 362
363 68
363 394
363 313
363 39
363 23
363 272
363 416
363 208
363 332
363 144
363 18
364 313
364 16
364 366
364 312
364 23
364 123
364 30
364 459
364 332
364 271
364 94
364 52
364 186
364 339
365 362
365 313
365 395
365 421
365 238
365 208
365 312
365 240
365 490
365 346
365 39
365 22
365 103
365 23
366 339
366 271
366 23
366 103
366 350
366 52
366 22
366 508
366 198
366 208
366 421
366 16
366 472
366 119
367 263
367 385
367 516
367 312
367 313
367 346
367 361
367 274
367 271
367 23
367 421
367 103
367 198
367 208
368 272
368 22
368 443
368 319
368 393
368 421
368 241
368 490
368 472
368 144
368 208
368 345
368 119
368 198
369 335
369 271
369 445
369 206
369 226
369 19
369 144
369 270
369 443
369 362
369 272
369 333
369 345
369 274
370 103
370 416
370 123
370 323
370 472
370 208
370 119
370 490
370 178
370 198
370 23
370 421
370 508
370 228
371 345
371 208
371 421
371 516
371 263
371 23
371 416
371 241
371 109
371 313
371 18
371 432
371 312
371 198
372 103
372 241
372 371
372 394
372 358
372 416
372 208
372 312
372 421
372 346
372 432
372 263
372 113
372 198
373 366
373 22
373 198
373 18
373 181
373 23
373 274
373 272
373 516
373 385
373 421
373 371
373 208
373 345
374 125
374 161
374 343
374 418
374 426
374 422
374 279
374 13
374 34
374 71
374 392
374 346
374 243
374 15
375 226
375 214
375 271
375 441
375 362
375 312
375 22
375 346
375 144
375 274
375 345
375 41
375 270
375 272
376 472
376 508
376 398
376 272
376 22
376 529
376 270
376 379
376 6
376 16
376 144
376 333
376 228
376 339
377 22
377 119
377 345
377 94
377 346
377 270
377 272
377 312
377 313
377 472
377 208
377 198
377 421
377 23
378 54
378 318
378 300
378 70
378 303
378 392
378 355
378 347
378 216
378 179
378 19
378 302
378 57
378 7
379 345
379 366
379 443
379 441
379 198
379 103
379 272
379 22
379 208
379 119
379 421
379 16
379 144
379 472
380 22
380 18
380 420
380 342
380 30
380 103
380 385
380 409
380 198
380 367
380 236
380 346
380 432
380 23
381 257
381 204
381 490
381 103
381 516
381 312
381 393
381 259
381 241
381 416
381 5
381 59
381 109
381 346
382 368
382 208
382 94
382 145
382 483
382 393
382 271
382 22
382 41
382 319
382 528
382 443
382 84
382 291
383 44
383 361
383 198
383 241
383 204
383 259
383 416
383 240
383 516
383 346
383 23
383 498
383 103
383 109
384 516
384 354
384 112
384 394
384 370
384 385
384 208
384 134
384 103
384 34
384 421
384 416
384 119
384 346
385 490
385 23
385 22
385 366
385 119
385 208
385 198
385 274
385 178
385 16
385 103
385 476
385 323
385 421
386 349
386 333
386 350
386 400
386 353
386 527
386 508
386 403
386 472
386 70
386 459
386 312
386 17
386 219
387 198
387 362
387 472
387 291
387 271
387 312
387 144
387 443
387 441
387 208
387 119
387 274
387 272
387 421
388 473
388 350
388 79
388 269
388 208
388 241
388 219
388 416
388 69
388 450
388 346
388 394
388 109
388 308
389 420
389 18
389 416
389 508
389 7
389 187
389 432
389 263
389 109
389 457
389 349
389 208
389 23
389 346
390 343
390 103
390 365
390 11
390 240
390 476
390 208
390 371
390 490
390 186
390 436
390 416
390 123
390 401
391 181
391 52
391 22
391 312
391 28
391 346
391 103
391 332
391 18
391 395
391 313
391 409
391 516
391 23
392 349
392 259
392 394
392 12
392 346
392 57
392 179
392 134
392 516
392 269
392 103
392 420
392 69
392 318
393 490
393 241
393 178
393 346
393 84
393 23
393 516
393 476
393 109
393 198
393 291
393 22
393 103
393 208
394 259
394 103
394 393
394 350
394 476
394 508
394 23
394 208
394 346
394 134
394 219
394 416
394 198
394 241
395 441
395 516
395 312
395 39
395 103
395 421
395 346
395 22
395 490
395 257
395 332
395 23
395 28
395 181
396 439
396 421
396 490
396 70
396 445
396 354
396 236
396 346
396 313
396 312
396 279
396 257
396 238
396 25
397 3
397 78
397 445
397 160
397 255
397 257
397 119
397 443
397 94
397 228
397 16
397 368
397 333
397 144
398 362
398 39
398 270
398 529
398 395
398 345
398 119
398 441
398 272
398 22
398 332
398 94
398 144
398 443
399 236
399 137
399 495
399 186
399 490
399 444
399 77
399 361
399 406
399 300
399 67
399 452
399 263
399 367
400 358
400 472
400 421
400 236
400 84
400 274
400 103
400 516
400 263
400 312
400 198
400 208
400 23
400 219
401 346
401 416
401 312
401 259
401 198
401 241
401 22
401 189
401 323
401 134
401 208
401 103
401 23
401 123
402 230
402 54
402 474
402 125
402 321
402 179
402 69
402 303
402 158
402 308
402 328
402 378
402 29
402 317
403 112
403 441
403 349
403 103
403 134
403 6
403 208
403 350
403 84
403 508
403 109
403 22
403 23
403 416
404 312
404 516
404 198
404 241
404 346
404 39
404 109
404 73
404 208
404 413
404 23
404 22
404 313
404 103
405 318
405 354
405 88
405 483
405 300
405 340
405 288
405 475
405 396
405 48
405 40
405 279
405 283
405 75
406 70
406 57
406 490
406 103
406 346
406 409
406 259
406 208
406 23
406 416
406 5
406 204
406 18
406 109
407 346
407 269
407 406
407 490
407 394
407 236
407 259
407 388
407 416
407 109
407 361
407 230
407 5
407 241
408 109
408 358
408 420
408 178
408 208
408 312
408 198
408 472
408 413
408 371
408 409
408 23
408 313
408 516
409 52
409 263
409 332
409 134
409 241
409 271
409 516
409 313
409 312
409 103
409 22
409 198
409 346
409 23
410 313
410 342
410 366
410 453
410 103
410 508
410 23
410 181
410 22
410 198
410 312
410 28
410 457
410 52
411 6
411 334
411 92
411 204
411 48
411 385
411 319
411 44
411 472
411 377
411 291
411 148
411 410
411 16
412 422
412 446
412 125
412 186
412 450
412 258
412 368
412 70
412 445
412 19
412 176
412 173
412 346
412 236
413 271
413 361
413 416
413 404
413 346
413 516
413 103
413 109
413 312
413 313
413 208
413 241
413 23
413 259
414 413
414 113
414 75
414 360
414 361
414 364
414 13
414 327
414 388
414 48
414 71
414 17
414 57
414 7
415 41
415 59
415 382
415 258
415 257
415 272
415 173
415 375
415 280
415 346
415 206
415 238
415 445
415 424
416 421
416 39
416 219
416 134
416 241
416 490
416 346
416 103
416 312
416 109
416 22
416 198
416 208
416 23
417 236
417 134
417 219
417 7
417 187
417 23
417 346
417 241
417 416
417 17
417 490
417 208
417 394
417 198
418 181
418 346
418 7
418 448
418 391
418 358
418 313
418 18
418 17
418 408
418 134
418 312
418 516
418 70
419 421
419 263
419 432
419 181
419 288
419 52
419 16
419 23
419 103
419 208
419 385
419 22
419 354
419 198
420 5
420 123
420 198
420 241
420 103
420 18
420 22
420 23
420 134
420 490
420 109
420 416
420 208
420 516
421 291
421 441
421 22
421 103
421 490
421 208
421 23
421 274
421 263
421 198
421 323
421 472
421 272
421 119
422 18
422 69
422 17
422 236
422 312
422 527
422 268
422 198
422 472
422 219
422 416
422 490
422 346
422 421
423 18
423 263
423 186
423 57
423 55
423 119
423 208
423 313
423 346
423 441
423 354
423 272
423 148
423 123
424 57
424 279
424 52
424 103
424 459
424 354
424 429
424 23
424 73
424 238
424 39
424 346
424 123
424 208
425 264
425 333
425 274
425 345
425 490
425 368
425 443
425 362
425 319
425 144
425 79
425 472
425 272
425 41
426 219
426 123
426 495
426 346
426 432
426 18
426 453
426 439
426 103
426 263
426 208
426 323
426 198
426 421
427 219
427 22
427 490
427 416
427 483
427 240
427 472
427 103
427 421
427 354
427 238
427 23
427 208
427 59
428 384
428 346
428 187
428 495
428 268
428 371
428 416
428 421
428 308
428 426
428 429
428 236
428 34
428 388
429 416
429 198
429 94
429 490
429 354
429 274
429 123
429 144
429 441
429 272
429 345
429 421
429 208
429 119
430 490
430 257
430 259
430 312
430 22
430 28
430 214
430 483
430 123
430 472
430 393
430 291
430 346
430 103
431 334
431 235
431 354
431 55
431 325
431 177
431 429
431 382
431 91
431 92
431 216
431 451
431 48
431 375
432 346
432 52
432 385
432 457
432 103
432 516
432 208
432 263
432 421
432 23
432 198
432 288
432 371
432 366
433 354
433 385
433 55
433 48
433 358
433 323
433 208
433 16
433 421
433 419
433 119
433 400
433 263
433 41
434 257
434 186
434 274
434 263
434 312
434 84
434 272
434 22
434 441
434 313
434 119
434 94
434 270
434 271
435 409
435 25
435 361
435 312
435 413
435 109
435 394
435 416
435 103
435 346
435 271
435 259
435 241
435 23
436 401
436 181
436 84
436 25
436 23
436 259
436 527
436 331
436 516
436 5
436 312
436 208
436 257
436 18
437 445
437 345
437 371
437 257
437 272
437 274
437 312
437 144
437 441
437 333
437 436
437 19
437 373
437 516
438 112
438 421
438 48
438 483
438 339
438 68
438 94
438 353
438 109
438 375
438 228
438 208
438 44
438 508
439 39
439 490
439 257
439 16
439 103
439 339
439 459
439 208
439 22
439 421
439 119
439 123
439 18
439 198
440 187
440 416
440 263
440 354
440 240
440 198
440 189
440 41
440 274
440 300
440 382
440 441
440 312
440 259
441 84
441 313
441 362
441 208
441 345
441 274
441 103
441 198
441 23
441 144
441 22
441 272
441 271
441 119
442 18
442 214
442 272
442 144
442 443
442 441
442 208
442 22
442 312
442 119
442 362
442 270
442 274
442 345
443 271
443 103
443 441
443 144
443 208
443 368
443 22
443 362
443 472
443 345
443 346
443 272
443 333
443 274
444 421
444 219
444 59
444 269
444 259
444 312
444 103
444 416
444 121
444 472
444 67
444 300
444 490
444 73
445 323
445 335
445 22
445 443
445 313
445 119
445 208
445 274
445 272
445 421
445 346
445 19
445 441
445 345
446 490
446 59
446 241
446 23
446 214
446 257
446 435
446 103
446 271
446 73
446 346
446 25
446 259
446 204
447 28
447 263
447 208
447 103
447 291
447 508
447 23
447 52
447 22
447 457
447 198
447 271
447 73
447 339
448 409
448 272
448 516
448 416
448 109
448 259
448 198
448 23
448 208
448 346
448 70
448 181
448 476
448 18
449 339
449 9
449 103
449 315
449 90
449 148
449 393
449 214
449 178
449 115
449 235
449 472
449 483
449 209
450 241
450 490
450 39
450 144
450 350
450 109
450 368
450 208
450 187
450 421
450 219
450 394
450 416
450 79
451 19
451 177
451 416
451 178
451 516
451 361
451 483
451 23
451 346
451 5
451 84
451 103
451 259
451 70
452 354
452 41
452 346
452 257
452 208
452 186
452 259
452 22
452 490
452 416
452 23
452 5
452 67
452 483
453 208
453 181
453 103
453 134
453 401
453 516
453 409
453 22
453 198
453 23
453 52
453 457
453 123
453 476
454 322
454 184
454 346
454 259
454 394
454 241
454 204
454 483
454 57
454 109
454 269
454 79
454 334
454 73
455 178
455 420
455 350
455 219
455 214
455 48
455 70
455 123
455 187
455 323
455 349
455 394
455 17
455 432
456 274
456 18
456 272
456 257
456 109
456 22
456 208
456 395
456 391
456 23
456 345
456 346
456 436
456 516
457 453
457 84
457 23
457 22
457 208
457 508
457 134
457 103
457 18
457 52
457 181
457 198
457 109
457 263
458 259
458 198
458 236
458 178
458 39
458 134
458 490
458 416
458 361
458 103
458 23
458 109
458 346
458 208
459 291
459 441
459 339
459 94
459 103
459 421
459 416
459 312
459 208
459 123
459 22
459 41
459 198
459 23
460 346
460 468
460 230
460 444
460 47
460 300
460 153
460 495
460 489
460 269
460 196
460 422
460 452
460 67
461 483
461 508
461 319
461 272
461 361
461 198
461 393
461 103
461 178
461 472
461 208
461 274
461 312
461 214
462 241
462 23
462 208
462 291
462 123
462 459
462 41
462 483
462 312
462 198
462 178
462 528
462 529
462 508
463 382
463 354
463 257
463 334
463 490
463 109
463 24
463 219
463 259
463 393
463 187
463 204
463 44
463 483
464 16
464 416
464 271
464 490
464 23
464 323
464 103
464 208
464 291
464 198
464 508
464 339
464 123
464 241
465 353
465 394
465 235
465 216
465 468
465 475
465 67
465 187
465 48
465 266
465 528
465 472
465 483
465 176
466 198
466 48
466 121
466 459
466 476
466 416
466 79
466 393
466 361
466 354
466 123
466 208
466 498
466 103
467 240
467 419
467 259
467 453
467 246
467 356
467 475
467 56
467 73
467 483
467 103
467 430
467 235
467 46
468 354
468 490
468 259
468 323
468 346
468 421
468 187
468 393
468 241
468 208
468 103
468 22
468 476
468 219
469 384
469 67
469 13
469 269
469 347
469 403
469 474
469 186
469 263
469 15
469 406
469 459
469 18
469 436
470 472
470 483
470 241
470 361
470 404
470 272
470 421
470 198
470 508
470 103
470 346
470 334
470 109
470 23
471 186
471 441
471 281
471 395
471 238
471 252
471 272
471 346
471 424
471 445
471 206
471 279
471 251
471 287
472 272
472 490
472 274
472 22
472 28
472 323
472 416
472 312
472 421
472 219
472 198
472 23
472 103
472 208
473 19
473 198
473 393
473 368
473 208
473 350
473 450
473 394
473 421
473 219
473 388
473 346
473 109
473 79
474 385
474 403
474 16
474 429
474 312
474 186
474 436
474 84
474 144
474 416
474 476
474 485
474 112
474 208
475 109
475 459
475 28
475 198
475 259
475 483
475 23
475 516
475 208
475 18
475 421
475 263
475 103
475 240
476 490
476 393
476 52
476 416
476 208
476 23
476 134
476 103
476 22
476 123
476 16
476 109
476 241
476 198
477 435
477 192
477 393
477 2
477 341
477 330
477 47
477 44
477 204
477 195
477 56
477 498
477 383
477 205
478 189
478 109
478 334
478 483
478 208
478 16
478 6
478 123
478 403
478 349
478 136
478 103
478 178
478 476
479 313
479 263
479 490
479 516
479 508
479 198
479 208
479 241
479 134
479 403
479 23
479 22
479 416
479 103
480 109
480 129
480 508
480 483
480 311
480 104
480 429
480 384
480 44
480 459
480 240
480 420
480 292
480 334
481 333
481 181
481 18
481 323
481 241
481 112
481 362
481 134
481 373
481 395
481 12
481 421
481 257
481 490
482 393
482 259
482 59
482 67
482 381
482 466
482 361
482 322
482 184
482 382
482 230
482 88
482 254
482 483
483 240
483 339
483 178
483 291
483 508
483 271
483 472
483 28
483 123
483 22
483 109
483 103
483 23
483 198
484 39
484 52
484 459
484 94
484 291
484 490
484 257
484 123
484 103
484 22
484 476
484 361
484 354
484 208
485 472
485 490
485 228
485 186
485 119
485 123
485 94
485 508
485 339
485 319
485 421
485 323
485 16
485 257
486 5
486 52
486 240
486 23
486 291
486 490
486 527
486 427
486 22
486 259
486 121
486 334
486 103
486 123
487 189
487 516
487 259
487 219
487 420
487 416
487 134
487 403
487 17
487 527
487 18
487 208
487 236
487 109
488 413
488 136
488 73
488 113
488 103
488 240
488 416
488 41
488 109
488 121
488 123
488 48
488 79
488 483
489 381
489 79
489 361
489 257
489 495
489 404
489 5
489 103
489 346
489 219
489 416
489 109
489 530
489 354
490 119
490 346
490 441
490 313
490 416
490 109
490 198
490 421
490 291
490 103
490 241
490 23
490 208
490 22
491 468
491 236
491 347
491 484
491 495
491 475
491 427
491 187
491 483
491 37
491 388
491 361
491 458
491 498
492 476
492 88
492 416
492 468
492 103
492 361
492 458
492 403
492 109
492 259
492 269
492 346
492 530
492 352
493 403
493 345
493 178
493 22
493 516
493 198
493 333
493 335
493 84
493 339
493 483
493 472
493 270
493 208
494 203
494 315
494 426
494 502
494 347
494 128
494 50
494 261
494 334
494 235
494 453
494 459
494 187
494 389
495 52
495 187
495 416
495 198
495 476
495 346
495 22
495 109
495 240
495 236
495 23
495 103
495 208
495 490
496 284
496 6
496 204
496 430
496 498
496 103
496 56
496 259
496 192
496 216
496 205
496 80
496 393
496 483
497 116
497 490
497 208
497 479
497 436
497 312
497 15
497 177
497 400
497 219
497 527
497 84
497 263
497 103
498 361
498 490
498 472
498 393
498 198
498 208
498 346
498 219
498 241
498 103
498 527
498 23
498 416
498 291
499 530
499 516
499 103
499 383
499 56
499 195
499 259
499 67
499 475
499 495
499 394
499 187
499 7
499 219
500 346
500 475
500 23
500 6
500 171
500 67
500 52
500 409
500 80
500 453
500 483
500 334
500 103
500 315
501 67
501 443
501 70
501 472
501 322
501 353
501 176
501 474
501 436
501 19
501 454
501 333
501 144
501 89
502 198
502 23
502 187
502 103
502 453
502 495
502 323
502 18
502 475
502 259
502 208
502 476
502 67
502 52
503 103
503 475
503 25
503 441
503 198
503 288
503 263
503 346
503 457
503 22
503 181
503 23
503 445
503 208
504 112
504 391
504 17
504 395
504 19
504 105
504 318
504 416
504 371
504 12
504 69
504 495
504 346
504 268
505 186
505 368
505 345
505 397
505 228
505 443
505 160
505 272
505 333
505 264
505 144
505 429
505 140
505 321
506 476
506 472
506 272
506 333
506 345
506 429
506 362
506 208
506 366
506 33
506 443
506 144
506 379
506 385
507 208
507 427
507 145
507 310
507 240
507 6
507 483
507 178
507 103
507 291
507 459
507 123
507 475
507 476
508 403
508 123
508 178
508 241
508 421
508 313
508 339
508 350
508 22
508 103
508 208
508 198
508 23
508 119
509 119
509 35
509 219
509 187
509 208
509 421
509 23
509 109
509 403
509 198
509 350
509 22
509 476
509 508
510 429
510 403
510 388
510 350
510 416
510 113
510 112
510 394
510 371
510 269
510 208
510 241
510 450
510 17
511 166
511 56
511 269
511 222
511 495
511 323
511 334
511 230
511 67
511 103
511 109
511 468
511 476
511 514
512 443
512 516
512 361
512 241
512 22
512 208
512 441
512 416
512 94
512 345
512 346
512 144
512 272
512 271
513 7
513 300
513 385
513 490
513 371
513 416
513 476
513 403
513 187
513 346
513 343
513 349
513 208
513 394
514 16
514 527
514 181
514 490
514 269
514 109
514 219
514 23
514 208
514 259
514 198
514 103
514 416
514 323
515 394
515 476
515 339
515 104
515 123
515 18
515 198
515 22
515 84
515 119
515 208
515 16
515 350
515 103
516 346
516 272
516 332
516 18
516 241
516 259
516 28
516 134
516 271
516 208
516 198
516 103
516 22
516 23
517 198
517 112
517 426
517 349
517 394
517 263
517 103
517 421
517 79
517 208
517 495
517 23
517 508
517 346
518 6
518 208
518 361
518 458
518 312
518 371
518 527
518 236
518 48
518 419
518 16
518 354
518 459
518 429
519 393
519 187
519 216
519 59
519 15
519 498
519 129
519 151
519 334
519 416
519 300
519 528
519 476
519 48
520 495
520 346
520 241
520 508
520 103
520 334
520 123
520 219
520 208
520 198
520 394
520 23
520 22
520 18
521 416
521 331
521 184
521 5
521 312
521 269
521 103
521 134
521 420
521 23
521 208
521 346
521 241
521 109
522 28
522 476
522 23
522 6
522 123
522 508
522 198
522 483
522 103
522 410
522 339
522 22
522 472
522 334
523 472
523 134
523 181
523 23
523 67
523 419
523 22
523 323
523 103
523 332
523 186
523 208
523 18
523 490
524 435
524 29
524 53
524 111
524 283
524 156
524 226
524 89
524 170
524 224
524 267
524 474
524 245
524 501
525 354
525 281
525 179
525 48
525 421
525 98
525 385
525 238
525 432
525 208
525 181
525 288
525 366
525 419
526 259
526 184
526 361
526 346
526 109
526 84
526 403
526 476
526 22
526 23
526 241
526 103
526 490
526 5
527 241
527 516
527 361
527 18
527 312
527 198
527 472
527 22
527 23
527 208
527 263
527 421
527 103
527 219
528 393
528 22
528 103
528 123
528 119
528 443
528 472
528 368
528 41
528 476
528 319
528 529
528 79
528 291
529 208
529 16
529 345
529 291
529 350
529 103
529 123
529 22
529 198
529 476
529 393
529 528
529 339
529 119
530 354
530 495
530 299
530 476
530 109
530 44
530 346
530 103
530 393
530 79
530 219
530 381
530 416
530 187
531 263
531 483
531 453
531 219
531 514
531 103
531 323
531 475
531 123
531 527
531 508
531 334
531 495
531 67
