0 3
0 5
0 134
0 12
0 125
0 392
0 313
0 395
0 269
0 71
0 340
0 360
0 63
0 149
1 238
1 288
1 395
1 179
1 413
1 359
1 39
1 436
1 419
1 283
1 504
1 313
1 137
1 269
2 348
2 274
2 382
2 333
2 425
2 441
2 144
2 528
2 246
2 353
2 226
2 319
2 228
2 271
3 16
3 344
3 395
3 350
3 253
3 228
3 178
3 352
3 313
3 416
3 23
3 421
3 119
3 6
4 453
4 241
4 80
4 385
4 300
4 269
4 459
4 485
4 476
4 339
4 6
4 342
4 352
4 114
5 313
5 459
5 134
5 413
5 352
5 16
5 457
5 420
5 103
5 23
5 419
5 14
5 119
5 391
6 366
6 119
6 391
6 16
6 342
6 28
6 385
6 339
6 300
6 23
6 228
6 529
6 103
6 476
7 483
7 268
7 119
7 488
7 63
7 283
7 413
7 52
7 420
7 352
7 134
7 313
7 253
7 332
8 320
8 103
8 23
8 457
8 241
8 342
8 90
8 17
8 124
8 6
8 508
8 420
8 119
8 313
9 214
9 226
9 119
9 359
9 296
9 103
9 320
9 6
9 90
9 342
9 228
9 529
9 16
9 336
10 366
10 342
10 459
10 359
10 11
10 391
10 341
10 134
10 23
10 323
10 305
10 178
10 253
10 62
11 395
11 342
11 448
11 6
11 119
11 16
11 352
11 23
11 344
11 279
11 228
11 240
11 391
11 420
12 339
12 421
12 103
12 71
12 119
12 476
12 352
12 457
12 357
12 459
12 63
12 269
12 485
12 241
13 416
13 459
13 119
13 23
13 391
13 238
13 357
13 16
13 352
13 269
13 57
13 253
13 457
13 14
14 11
14 300
14 391
14 279
14 16
14 352
14 342
14 459
14 228
14 319
14 528
14 529
14 307
14 23
15 352
15 134
15 394
15 13
15 103
15 203
15 313
15 253
15 419
15 459
15 269
15 189
15 457
15 357
16 241
16 528
16 22
16 485
16 319
16 391
16 119
16 228
16 6
16 28
16 300
16 529
16 23
16 342
17 342
17 103
17 23
17 420
17 269
17 119
17 334
17 352
17 448
17 241
17 457
17 459
17 508
17 238
18 178
18 459
18 339
18 334
18 119
18 476
18 103
18 352
18 313
18 366
18 63
18 385
18 288
18 6
19 84
19 272
19 437
19 448
19 246
19 22
19 271
19 345
19 274
19 279
19 208
19 23
19 33
19 333
20 6
20 395
20 344
20 269
20 338
20 313
20 40
20 453
20 240
20 119
20 104
20 11
20 3
20 352
21 392
21 269
21 98
21 0
21 12
21 24
21 63
21 460
21 439
21 137
21 388
21 204
21 245
21 149
22 33
22 319
22 241
22 28
22 119
22 228
22 272
22 208
22 16
22 342
22 528
22 529
22 6
22 23
23 279
23 352
23 6
23 342
23 119
23 328
23 103
23 28
23 319
23 391
23 33
23 529
23 228
23 16
24 394
24 313
24 179
24 332
24 419
24 421
24 134
24 352
24 63
24 420
24 40
24 439
24 392
24 204
25 279
25 448
25 342
25 6
25 352
25 313
25 178
25 421
25 33
25 269
25 251
25 476
25 459
25 23
26 178
26 385
26 307
26 106
26 203
26 416
26 6
26 52
26 23
26 228
26 419
26 119
26 313
26 134
27 522
27 269
27 195
27 13
27 204
27 63
27 392
27 125
27 268
27 394
27 428
27 24
27 67
27 352
28 119
28 339
28 228
28 6
28 208
28 391
28 16
28 300
28 319
28 342
28 528
28 529
28 22
28 23
29 40
29 88
29 3
29 269
29 420
29 394
29 352
29 198
29 488
29 273
29 63
29 457
29 203
29 71
30 68
30 52
30 352
30 253
30 413
30 39
30 40
30 313
30 359
30 453
30 98
30 354
30 288
30 6
31 90
31 246
31 300
31 271
31 119
31 420
31 319
31 23
31 16
31 342
31 352
31 459
31 228
31 6
32 328
32 62
32 204
32 6
32 16
32 392
32 332
32 88
32 243
32 421
32 420
32 476
32 485
32 135
33 279
33 84
33 529
33 274
33 272
33 342
33 319
33 16
33 459
33 253
33 339
33 208
33 448
33 23
34 459
34 178
34 319
34 391
34 23
34 119
34 279
34 274
34 6
34 342
34 16
34 228
34 476
34 352
35 495
35 508
35 459
35 23
35 352
35 420
35 391
35 103
35 320
35 90
35 241
35 342
35 16
35 6
36 134
36 339
36 352
36 6
36 313
36 359
36 63
36 238
36 391
36 420
36 342
36 253
36 23
36 103
37 357
37 423
37 395
37 419
37 394
37 457
37 383
37 67
37 269
37 303
37 413
37 436
37 46
37 240
38 279
38 345
38 253
38 84
38 57
38 506
38 353
38 144
38 19
38 425
38 333
38 187
38 437
38 472
39 253
39 391
39 395
39 300
39 413
39 279
39 419
39 16
39 240
39 238
39 352
39 313
39 119
39 23
40 313
40 134
40 300
40 228
40 352
40 16
40 342
40 485
40 119
40 420
40 23
40 6
40 62
40 385
41 106
41 319
41 274
41 271
41 485
41 6
41 516
41 313
41 459
41 420
41 23
41 352
41 74
41 16
42 391
42 253
42 16
42 103
42 19
42 90
42 228
42 342
42 28
42 6
42 528
42 320
42 23
42 208
43 448
43 485
43 177
43 142
43 11
43 14
43 103
43 459
43 279
43 413
43 395
43 352
43 269
43 23
44 404
44 341
44 344
44 6
44 352
44 62
44 253
44 119
44 203
44 16
44 23
44 391
44 307
44 103
45 506
45 319
45 337
45 264
45 348
45 272
45 84
45 226
45 131
45 208
45 353
45 369
45 368
45 144
46 75
46 238
46 77
46 423
46 313
46 413
46 394
46 134
46 39
46 269
46 419
46 240
46 5
46 352
47 88
47 124
47 357
47 63
47 332
47 269
47 352
47 459
47 485
47 315
47 77
47 204
47 457
47 420
48 323
48 63
48 288
48 62
48 313
48 71
48 6
48 40
48 88
48 336
48 352
48 420
48 401
48 119
49 388
49 96
49 332
49 392
49 152
49 24
49 95
49 47
49 67
49 454
49 457
49 460
49 232
49 436
50 396
50 419
50 127
50 408
50 253
50 403
50 238
50 436
50 437
50 54
50 457
50 391
50 269
50 279
51 178
51 226
51 429
51 94
51 386
51 411
51 312
51 370
51 233
51 253
51 336
51 472
51 461
51 155
52 104
52 385
52 320
52 319
52 6
52 352
52 391
52 420
52 419
52 342
52 119
52 16
52 23
52 228
53 369
53 321
53 441
53 345
53 84
53 333
53 19
53 264
53 144
53 271
53 425
53 353
53 274
53 437
54 296
54 238
54 208
54 319
54 274
54 119
54 391
54 272
54 23
54 22
54 528
54 529
54 16
54 271
55 22
55 421
55 345
55 274
55 319
55 333
55 16
55 328
55 505
55 226
55 23
55 62
55 119
55 264
56 476
56 386
56 439
56 384
56 253
56 392
56 98
56 366
56 40
56 352
56 288
56 63
56 332
56 269
57 16
57 403
57 84
57 408
57 353
57 345
57 333
57 425
57 437
57 54
57 528
57 271
57 272
57 144
58 476
58 341
58 62
58 272
58 319
58 16
58 253
58 22
58 320
58 6
58 528
58 23
58 342
58 228
59 459
59 391
59 119
59 279
59 22
59 228
59 342
59 6
59 208
59 23
59 16
59 319
59 529
59 28
60 16
60 350
60 459
60 404
60 339
60 6
60 228
60 453
60 300
60 508
60 448
60 103
60 342
60 278
61 40
61 459
61 323
61 531
61 62
61 63
61 96
61 203
61 253
61 273
61 352
61 416
61 530
61 488
62 22
62 385
62 352
62 23
62 119
62 6
62 342
62 391
62 228
62 319
62 300
62 529
62 16
62 178
63 88
63 485
63 323
63 6
63 366
63 313
63 476
63 352
63 459
63 457
63 391
63 103
63 420
63 288
64 332
64 16
64 341
64 103
64 420
64 350
64 134
64 178
64 6
64 323
64 352
64 23
64 459
64 300
65 124
65 395
65 352
65 63
65 436
65 7
65 457
65 332
65 134
65 223
65 340
65 5
65 313
65 439
66 204
66 203
66 381
66 388
66 88
66 352
66 124
66 436
66 459
66 269
66 96
66 457
66 327
66 46
67 23
67 14
67 253
67 436
67 13
67 203
67 459
67 394
67 269
67 391
67 457
67 419
67 352
67 423
68 404
68 421
68 279
68 178
68 288
68 40
68 300
68 366
68 385
68 339
68 291
68 453
68 386
68 6
69 151
69 7
69 459
69 88
69 406
69 253
69 457
69 63
69 98
69 360
69 313
69 3
69 413
69 394
70 492
70 516
70 84
70 413
70 353
70 251
70 369
70 299
70 446
70 215
70 281
70 253
70 98
70 375
71 385
71 63
71 253
71 103
71 6
71 352
71 350
71 395
71 269
71 354
71 359
71 119
71 323
71 313
72 56
72 82
72 269
72 95
72 70
72 98
72 166
72 137
72 152
72 46
72 47
72 99
72 460
72 69
73 485
73 439
73 313
73 436
73 381
73 416
73 253
73 459
73 25
73 457
73 98
73 352
73 63
73 269
74 352
74 441
74 313
74 274
74 382
74 16
74 119
74 23
74 319
74 228
74 516
74 528
74 271
74 307
75 26
75 119
75 313
75 359
75 327
75 5
75 413
75 423
75 352
75 240
75 394
75 46
75 39
75 419
76 195
76 196
76 269
76 5
76 97
76 390
76 17
76 13
76 57
76 403
76 408
76 357
76 46
76 219
77 307
77 269
77 240
77 134
77 485
77 103
77 344
77 459
77 300
77 279
77 16
77 420
77 23
77 352
78 233
78 166
78 519
78 70
78 281
78 251
78 446
78 98
78 377
78 316
78 375
78 299
78 108
78 412
79 197
79 404
79 119
79 246
79 313
79 333
79 228
79 240
79 11
79 453
79 344
79 448
79 421
79 307
80 114
80 300
80 485
80 253
80 404
80 6
80 313
80 333
80 339
80 23
80 436
80 352
80 382
80 16
81 348
81 187
81 337
81 333
81 379
81 425
81 247
81 57
81 472
81 437
81 353
81 84
81 144
81 506
82 352
82 359
82 395
82 240
82 386
82 71
82 88
82 68
82 288
82 63
82 313
82 420
82 366
82 269
83 457
83 269
83 39
83 23
83 240
83 490
83 5
83 313
83 279
83 419
83 263
83 350
83 302
83 413
84 425
84 253
84 319
84 448
84 226
84 19
84 272
84 348
84 144
84 345
84 353
84 208
84 333
84 33
85 343
85 313
85 36
85 352
85 459
85 269
85 439
85 40
85 416
85 63
85 423
85 132
85 291
85 457
86 437
86 19
86 197
86 425
86 226
86 58
86 319
86 353
86 333
86 271
86 84
86 528
86 348
86 382
87 420
87 179
87 207
87 428
87 352
87 457
87 44
87 343
87 149
87 63
87 384
87 24
87 488
87 530
88 485
88 103
88 342
88 328
88 63
88 16
88 23
88 320
88 319
88 391
88 238
88 352
88 6
88 420
89 23
89 307
89 228
89 382
89 271
89 19
89 246
89 264
89 279
89 345
89 333
89 425
89 441
89 274
90 228
90 528
90 6
90 241
90 508
90 16
90 476
90 420
90 119
90 103
90 320
90 529
90 23
90 342
91 476
91 62
91 63
91 178
91 352
91 6
91 366
91 58
91 118
91 253
91 385
91 323
91 530
91 22
92 197
92 483
92 416
92 240
92 311
92 271
92 446
92 116
92 40
92 94
92 516
92 269
92 299
92 104
93 350
93 529
93 472
93 404
93 16
93 6
93 228
93 476
93 246
93 28
93 339
93 342
93 23
93 300
94 23
94 421
94 299
94 429
94 359
94 240
94 313
94 238
94 307
94 177
94 178
94 253
94 448
94 516
95 6
95 384
95 388
95 420
95 88
95 63
95 332
95 436
95 457
95 207
95 232
95 439
95 392
95 80
96 403
96 423
96 16
96 413
96 416
96 124
96 420
96 62
96 46
96 352
96 485
96 40
96 39
96 390
97 204
97 77
97 419
97 528
97 459
97 58
97 16
97 271
97 103
97 328
97 421
97 420
97 352
97 23
98 352
98 63
98 311
98 448
98 288
98 118
98 84
98 313
98 457
98 33
98 253
98 269
98 25
98 251
99 381
99 359
99 170
99 420
99 384
99 269
99 179
99 134
99 352
99 332
99 315
99 5
99 152
99 63
100 300
100 366
100 62
100 178
100 339
100 529
100 104
100 530
100 385
100 342
100 6
100 16
100 228
100 23
101 241
101 341
101 529
101 6
101 28
101 319
101 23
101 90
101 342
101 320
101 528
101 22
101 228
101 16
102 179
102 420
102 103
102 408
102 196
102 391
102 403
102 357
102 5
102 39
102 124
102 457
102 12
102 389
103 90
103 228
103 476
103 459
103 320
103 508
103 241
103 352
103 391
103 529
103 16
103 342
103 23
103 6
104 197
104 178
104 366
104 271
104 344
104 313
104 279
104 448
104 319
104 352
104 6
104 189
104 23
104 228
105 389
105 388
105 512
105 395
105 94
105 451
105 413
105 137
105 158
105 237
105 313
105 346
105 446
105 423
106 178
106 313
106 23
106 385
106 6
106 119
106 40
106 352
106 134
106 416
106 342
106 16
106 228
106 300
107 416
107 333
107 253
107 226
107 189
107 307
107 80
107 382
107 228
107 348
107 453
107 404
107 177
107 354
108 204
108 98
108 281
108 57
108 253
108 369
108 420
108 457
108 118
108 88
108 63
108 251
108 408
108 446
109 495
109 527
109 341
109 350
109 103
109 457
109 391
109 352
109 342
109 238
109 241
109 6
109 16
109 23
110 264
110 84
110 160
110 348
110 472
110 368
110 226
110 505
110 45
110 81
110 337
110 131
110 144
110 379
111 459
111 356
111 103
111 416
111 385
111 420
111 313
111 485
111 352
111 40
111 394
111 288
111 269
111 327
112 437
112 272
112 342
112 528
112 320
112 16
112 118
112 352
112 119
112 33
112 253
112 139
112 58
112 23
113 413
113 350
113 457
113 391
113 359
113 352
113 253
113 416
113 420
113 369
113 23
113 404
113 508
113 58
114 342
114 33
114 6
114 476
114 529
114 485
114 246
114 459
114 448
114 16
114 28
114 319
114 300
114 23
115 416
115 369
115 74
115 119
115 106
115 253
115 3
115 352
115 40
115 228
115 189
115 313
115 226
115 23
116 271
116 448
116 404
116 23
116 311
116 269
116 33
116 104
116 253
116 395
116 446
116 299
116 313
116 516
117 528
117 208
117 228
117 114
117 23
117 319
117 33
117 272
117 6
117 342
117 28
117 348
117 448
117 16
118 228
118 251
118 119
118 448
118 334
118 58
118 84
118 342
118 279
118 253
118 144
118 6
118 22
118 208
119 62
119 328
119 529
119 272
119 391
119 22
119 352
119 279
119 228
119 6
119 23
119 342
119 313
119 16
120 251
120 135
120 84
120 269
120 403
120 352
120 357
120 459
120 88
120 17
120 241
120 23
120 112
120 457
121 31
121 77
121 420
121 288
121 419
121 490
121 67
121 283
121 313
121 40
121 52
121 320
121 352
121 338
122 33
122 274
122 139
122 421
122 279
122 189
122 342
122 23
122 6
122 16
122 448
122 238
122 119
122 350
123 11
123 366
123 103
123 359
123 139
123 23
123 339
123 352
123 342
123 6
123 228
123 178
123 300
123 385
124 253
124 103
124 14
124 352
124 459
124 457
124 16
124 241
124 119
124 342
124 23
124 391
124 420
124 313
125 508
125 238
125 352
125 204
125 269
125 439
125 389
125 357
125 421
125 459
125 457
125 17
125 178
125 334
126 104
126 189
126 311
126 272
126 226
126 353
126 271
126 197
126 84
126 333
126 319
126 57
126 382
126 253
127 381
127 408
127 403
127 307
127 54
127 5
127 423
127 419
127 39
127 352
127 413
127 23
127 391
127 263
128 179
128 82
128 210
128 69
128 153
128 26
128 137
128 151
128 394
128 327
128 283
128 7
128 200
128 360
129 77
129 343
129 134
129 119
129 269
129 279
129 342
129 334
129 14
129 16
129 23
129 459
129 352
129 385
130 333
130 321
130 233
130 264
130 462
130 353
130 345
130 441
130 408
130 57
130 425
130 271
130 437
130 299
131 529
131 319
131 33
131 348
131 228
131 144
131 272
131 333
131 16
131 208
131 28
131 22
131 226
131 505
132 385
132 300
132 339
132 16
132 352
132 40
132 28
132 453
132 23
132 6
132 228
132 313
132 416
132 119
133 457
133 269
133 39
133 488
133 288
133 340
133 3
133 30
133 313
133 360
133 423
133 71
133 63
133 7
134 103
134 385
134 350
134 391
134 313
134 459
134 300
134 420
134 352
134 342
134 119
134 16
134 6
134 23
135 476
135 420
135 391
135 119
135 134
135 241
135 300
135 529
135 6
135 342
135 23
135 485
135 16
135 459
136 341
136 119
136 62
136 228
136 16
136 366
136 385
136 40
136 6
136 135
136 485
136 342
136 106
136 300
137 354
137 436
137 104
137 307
137 309
137 98
137 375
137 94
137 313
137 413
137 269
137 197
137 423
137 360
138 419
138 228
138 382
138 359
138 483
138 307
138 416
138 313
138 226
138 453
138 354
138 80
138 253
138 40
139 421
139 119
139 352
139 33
139 448
139 319
139 279
139 23
139 342
139 178
139 228
139 6
139 529
139 16
140 278
140 103
140 319
140 342
140 23
140 16
140 421
140 476
140 6
140 119
140 228
140 505
140 62
140 226
141 394
141 435
141 109
141 148
141 103
141 386
141 64
141 453
141 269
141 44
141 312
141 31
141 314
141 240
142 139
142 228
142 274
142 328
142 246
142 333
142 271
142 177
142 23
142 19
142 16
142 448
142 319
142 307
143 508
143 476
143 204
143 90
143 243
143 332
143 352
143 103
143 495
143 419
143 420
143 485
143 16
143 320
144 528
144 472
144 333
144 84
144 345
144 348
144 353
144 264
144 208
144 22
144 187
144 425
144 437
144 272
145 300
145 22
145 319
145 6
145 320
145 448
145 23
145 28
145 16
145 228
145 33
145 528
145 529
145 342
146 248
146 319
146 54
146 403
146 19
146 523
146 114
146 437
146 357
146 279
146 528
146 271
146 269
146 43
147 16
147 323
147 134
147 119
147 419
147 6
147 253
147 385
147 228
147 106
147 23
147 391
147 52
147 313
148 420
148 391
148 320
148 241
148 352
148 5
148 103
148 341
148 328
148 124
148 403
148 495
148 204
148 23
149 269
149 99
149 202
149 343
149 344
149 179
149 394
149 200
149 71
149 0
149 63
149 340
149 44
149 24
150 291
150 288
150 330
150 439
150 63
150 343
150 40
150 416
150 356
150 181
150 204
150 179
150 134
150 24
151 389
151 127
151 332
151 52
151 394
151 14
151 269
151 195
151 413
151 406
151 423
151 419
151 134
151 5
152 99
152 67
152 394
152 195
152 457
152 485
152 269
152 5
152 352
152 423
152 416
152 436
152 307
152 134
153 392
153 394
153 419
153 340
153 200
153 170
153 24
153 63
153 151
153 179
153 5
153 195
153 99
153 152
154 178
154 119
154 253
154 332
154 459
154 288
154 6
154 139
154 313
154 40
154 386
154 421
154 439
154 189
155 264
155 345
155 336
155 312
155 296
155 348
155 319
155 271
155 462
155 330
155 226
155 272
155 472
155 228
156 383
156 490
156 94
156 420
156 269
156 457
156 25
156 352
156 253
156 204
156 98
156 436
156 63
156 413
157 19
157 419
157 23
157 189
157 328
157 238
157 178
157 119
157 103
157 352
157 391
157 16
157 307
157 459
158 280
158 274
158 19
158 253
158 413
158 516
158 346
158 189
158 404
158 271
158 333
158 197
158 279
158 313
159 437
159 391
159 253
159 269
159 238
159 333
159 313
159 271
159 353
159 352
159 57
159 346
159 345
159 119
160 272
160 117
160 6
160 529
160 144
160 246
160 342
160 22
160 528
160 385
160 348
160 16
160 228
160 28
161 253
161 23
161 135
161 119
161 123
161 178
161 459
161 313
161 381
161 352
161 269
161 419
161 457
161 39
162 269
162 457
162 15
162 17
162 31
162 350
162 320
162 234
162 3
162 395
162 352
162 421
162 334
162 71
163 472
163 57
163 377
163 253
163 313
163 88
163 388
163 118
163 408
163 187
163 144
163 38
163 281
163 437
164 315
164 508
164 359
164 408
164 63
164 234
164 523
164 5
164 127
164 71
164 170
164 392
164 277
164 409
165 423
165 67
165 271
165 240
165 394
165 406
165 39
165 134
165 127
165 359
165 462
165 419
165 467
165 413
166 503
166 408
166 437
166 251
166 80
166 281
166 38
166 39
166 377
166 253
166 247
166 299
166 118
166 84
167 416
167 152
167 31
167 75
167 419
167 24
167 67
167 14
167 44
167 179
167 394
167 134
167 423
167 343
168 22
168 476
168 485
168 6
168 14
168 253
168 16
168 448
168 135
168 239
168 272
168 416
168 119
168 226
169 370
169 187
169 98
169 396
169 224
169 57
169 174
169 166
169 437
169 281
169 377
169 353
169 247
169 408
170 419
170 46
170 349
170 63
170 413
170 88
170 394
170 389
170 99
170 359
170 127
170 195
170 315
170 5
171 58
171 529
171 23
171 342
171 28
171 366
171 103
171 508
171 6
171 341
171 16
171 320
171 530
171 228
172 13
172 159
172 80
172 485
172 403
172 264
172 436
172 240
172 238
172 457
172 352
172 271
172 269
172 363
173 33
173 403
173 53
173 345
173 408
173 375
173 226
173 415
173 437
173 253
173 58
173 271
173 353
173 435
174 228
174 160
174 483
174 382
174 369
174 58
174 144
174 253
174 264
174 337
174 247
174 84
174 353
174 187
175 171
175 68
175 475
175 82
175 216
175 411
175 186
175 431
175 288
175 386
175 92
175 455
175 269
175 421
176 427
176 99
176 281
176 457
176 108
176 69
176 98
176 245
176 63
176 88
176 215
176 376
176 496
176 233
177 342
177 178
177 139
177 352
177 271
177 16
177 300
177 459
177 228
177 246
177 6
177 307
177 448
177 23
178 228
178 421
178 319
178 336
178 300
178 366
178 23
178 352
178 350
178 459
178 342
178 6
178 16
178 508
179 63
179 343
179 391
179 103
179 54
179 88
179 423
179 5
179 457
179 419
179 134
179 352
179 203
179 269
180 483
180 18
180 332
180 253
180 204
180 233
180 476
180 288
180 386
180 91
180 384
180 63
180 530
180 7
181 350
181 342
181 119
181 485
181 279
181 391
181 420
181 300
181 352
181 103
181 339
181 6
181 16
181 23
182 375
182 240
182 319
182 413
182 435
182 274
182 353
182 94
182 104
182 280
182 271
182 178
182 516
182 197
183 446
183 412
183 388
183 400
183 370
183 512
183 299
183 163
183 98
183 461
183 367
183 281
183 377
183 224
184 421
184 11
184 354
184 453
184 352
184 313
184 419
184 483
184 104
184 245
184 423
184 413
184 189
184 269
185 82
185 219
185 428
185 96
185 283
185 170
185 67
185 268
185 47
185 468
185 46
185 7
185 250
185 205
186 416
186 348
186 307
186 226
186 119
186 3
186 6
186 313
186 386
186 189
186 429
186 68
186 421
186 333
187 279
187 208
187 84
187 353
187 319
187 272
187 23
187 246
187 144
187 437
187 33
187 448
187 19
187 333
188 457
188 363
188 139
188 320
188 19
188 208
188 391
188 269
188 352
188 33
188 253
188 23
188 459
188 279
189 313
189 16
189 342
189 6
189 228
189 119
189 391
189 459
189 339
189 23
189 208
189 448
189 104
189 33
190 305
190 189
190 336
190 241
190 334
190 208
190 508
190 352
190 341
190 339
190 178
190 342
190 300
190 6
191 343
191 151
191 149
191 413
191 313
191 152
191 309
191 375
191 137
191 269
191 360
191 423
191 436
191 340
192 64
192 464
192 416
192 103
192 330
192 410
192 245
192 106
192 63
192 344
192 269
192 336
192 40
192 385
193 292
193 319
193 419
193 382
193 28
193 226
193 240
193 404
193 246
193 271
193 228
193 416
193 14
193 177
194 300
194 16
194 334
194 134
194 80
194 204
194 420
194 103
194 269
194 485
194 457
194 352
194 459
194 6
195 179
195 389
195 394
195 23
195 203
195 134
195 391
195 257
195 14
195 151
195 5
195 457
195 352
195 419
196 241
196 135
196 103
196 14
196 23
196 352
196 17
196 238
196 485
196 16
196 357
196 459
196 269
196 403
197 253
197 119
197 516
197 307
197 19
197 189
197 391
197 23
197 104
197 448
197 313
197 333
197 271
197 274
198 336
198 119
198 366
198 339
198 278
198 334
198 300
198 313
198 342
198 71
198 6
198 385
198 16
198 103
199 203
199 342
199 88
199 90
199 253
199 457
199 320
199 352
199 58
199 241
199 527
199 528
199 420
199 16
200 327
200 354
200 137
200 283
200 269
200 394
200 413
200 253
200 94
200 423
200 104
200 98
200 313
200 179
201 19
201 333
201 189
201 246
201 429
201 448
201 279
201 395
201 313
201 11
201 104
201 307
201 344
201 339
202 300
202 23
202 488
202 394
202 391
202 389
202 6
202 63
202 457
202 352
202 203
202 88
202 343
202 109
203 6
203 320
203 103
203 14
203 300
203 457
203 341
203 420
203 23
203 342
203 459
203 241
203 352
203 391
204 391
204 476
204 328
204 23
204 16
204 342
204 420
204 103
204 352
204 6
204 485
204 459
204 178
204 300
205 179
205 151
205 457
205 195
205 406
205 269
205 283
205 65
205 46
205 47
205 67
205 423
205 436
205 210
206 112
206 272
206 264
206 369
206 306
206 144
206 84
206 370
206 251
206 429
206 118
206 353
206 437
206 281
207 23
207 391
207 342
207 459
207 6
207 352
207 339
207 485
207 103
207 476
207 16
207 420
207 457
207 104
208 391
208 319
208 529
208 6
208 448
208 279
208 28
208 16
208 22
208 342
208 228
208 33
208 23
208 272
209 253
209 354
209 35
209 359
209 269
209 98
209 483
209 3
209 313
209 126
209 305
209 63
209 91
209 71
210 63
210 14
210 413
210 23
210 203
210 436
210 389
210 394
210 421
210 269
210 124
210 332
210 457
210 352
211 366
211 18
211 339
211 344
211 6
211 439
211 392
211 448
211 313
211 421
211 63
211 68
211 71
211 269
212 269
212 63
212 179
212 383
212 253
212 388
212 360
212 439
212 125
212 412
212 166
212 98
212 370
212 7
213 406
213 452
213 458
213 268
213 413
213 283
213 184
213 30
213 138
213 7
213 82
213 69
213 137
213 360
214 529
214 238
214 103
214 352
214 342
214 16
214 228
214 28
214 6
214 23
214 391
214 119
214 178
214 307
215 269
215 472
215 84
215 448
215 483
215 516
215 33
215 253
215 226
215 369
215 337
215 375
215 251
215 98
216 325
216 104
216 11
216 177
216 353
216 271
216 226
216 197
216 269
216 395
216 476
216 312
216 336
216 313
217 106
217 39
217 359
217 5
217 423
217 75
217 313
217 327
217 302
217 332
217 419
217 394
217 288
217 413
218 241
218 269
218 204
218 122
218 357
218 495
218 203
218 420
218 352
218 508
218 17
218 457
218 124
218 485
219 419
219 457
219 203
219 5
219 308
219 134
219 77
219 97
219 46
219 403
219 76
219 352
219 495
219 179
220 217
220 7
220 436
220 406
220 423
220 394
220 327
220 191
220 85
220 0
220 179
220 360
220 149
220 137
221 134
221 416
221 313
221 413
221 5
221 419
221 352
221 3
221 119
221 423
221 458
221 124
221 394
221 406
222 204
222 436
222 238
222 181
222 6
222 420
222 269
222 457
222 300
222 134
222 123
222 352
222 485
222 334
223 485
223 288
223 106
223 189
223 313
223 457
223 63
223 6
223 352
223 134
223 332
223 436
223 439
223 238
224 370
224 400
224 333
224 425
224 345
224 253
224 19
224 38
224 353
224 408
224 84
224 281
224 377
224 437
225 246
225 6
225 103
225 330
225 312
225 296
225 352
225 253
225 14
225 448
225 403
225 404
225 233
225 238
226 246
226 228
226 22
226 208
226 33
226 271
226 382
226 353
226 23
226 319
226 333
226 505
226 274
226 16
227 476
227 307
227 214
227 189
227 366
227 6
227 109
227 134
227 395
227 63
227 300
227 253
227 269
227 352
228 307
228 300
228 528
228 6
228 119
228 278
228 391
228 382
228 16
228 28
228 23
228 529
228 342
228 319
229 52
229 495
229 508
229 6
229 5
229 23
229 352
229 103
229 8
229 420
229 457
229 391
229 63
229 332
230 269
230 394
230 98
230 253
230 7
230 413
230 516
230 94
230 151
230 446
230 137
230 483
230 327
230 423
231 288
231 279
231 5
231 459
231 351
231 34
231 119
231 313
231 274
231 19
231 420
231 17
231 16
231 362
232 508
232 391
232 436
232 392
232 88
232 420
232 357
232 6
232 352
232 269
232 63
232 459
232 485
232 457
233 177
233 178
233 264
233 204
233 380
233 312
233 63
233 269
233 57
233 459
233 253
233 352
233 476
233 118
234 135
234 352
234 385
234 381
234 457
234 103
234 178
234 90
234 134
234 6
234 420
234 508
234 320
234 459
235 6
235 296
235 408
235 39
235 134
235 395
235 307
235 472
235 312
235 315
235 332
235 333
235 336
235 352
236 203
236 106
236 352
236 257
236 74
236 394
236 11
236 14
236 420
236 419
236 23
236 77
236 332
236 52
237 263
237 404
237 370
237 446
237 458
237 413
237 313
237 3
237 104
237 240
237 253
237 189
237 119
237 197
238 272
238 529
238 300
238 119
238 313
238 459
238 448
238 6
238 352
238 279
238 319
238 391
238 23
238 16
239 485
239 241
239 119
239 459
239 529
239 16
239 6
239 33
239 421
239 178
239 300
239 339
239 23
239 342
240 246
240 404
240 352
240 238
240 16
240 271
240 11
240 300
240 39
240 333
240 119
240 279
240 419
240 23
241 352
241 528
241 420
241 6
241 391
241 320
241 508
241 300
241 342
241 16
241 23
241 529
241 459
241 103
242 512
242 19
242 166
242 116
242 516
242 311
242 460
242 446
242 395
242 363
242 226
242 269
242 245
242 299
243 352
243 476
243 90
243 103
243 342
243 341
243 119
243 178
243 31
243 459
243 16
243 6
243 241
243 23
244 328
244 516
244 313
244 178
244 441
244 307
244 228
244 2
244 177
244 336
244 359
244 19
244 429
244 226
245 307
245 274
245 19
245 279
245 251
245 197
245 333
245 459
245 226
245 421
245 253
245 178
245 269
245 448
246 529
246 382
246 404
246 208
246 274
246 271
246 16
246 6
246 28
246 342
246 448
246 319
246 23
246 228
247 337
247 281
247 264
247 425
247 483
247 379
247 81
247 144
247 408
247 353
247 506
247 187
247 437
247 174
248 359
248 307
248 352
248 395
248 6
248 279
248 523
248 142
248 103
248 357
248 16
248 485
248 269
248 403
249 394
249 352
249 63
249 67
249 31
249 283
249 88
249 419
249 423
249 313
249 354
249 436
249 390
249 269
250 263
250 327
250 268
250 67
250 390
250 77
250 436
250 357
250 7
250 46
250 413
250 423
250 420
250 269
251 16
251 246
251 208
251 23
251 271
251 448
251 33
251 352
251 6
251 84
251 319
251 459
251 313
251 253
252 80
252 13
252 326
252 269
252 268
252 395
252 288
252 39
252 483
252 240
252 313
252 63
252 111
252 253
253 16
253 391
253 352
253 208
253 459
253 333
253 342
253 33
253 313
253 23
253 448
253 404
253 119
253 6
254 485
254 82
254 291
254 352
254 18
254 137
254 63
254 332
254 288
254 98
254 439
254 68
254 269
254 386
255 366
255 104
255 350
255 508
255 300
255 319
255 189
255 459
255 342
255 23
255 348
255 448
255 16
255 6
256 39
256 159
256 179
256 413
256 419
256 423
256 327
256 184
256 219
256 124
256 64
256 268
256 46
256 96
257 343
257 14
257 203
257 419
257 134
257 195
257 457
257 352
257 416
257 269
257 238
257 23
257 391
257 436
258 55
258 57
258 437
258 39
258 357
258 119
258 142
258 226
258 505
258 274
258 328
258 345
258 19
258 333
259 490
259 391
259 134
259 271
259 67
259 419
259 5
259 352
259 269
259 423
259 14
259 416
259 124
259 23
260 118
260 307
260 506
260 437
260 187
260 39
260 31
260 57
260 333
260 240
260 306
260 144
260 246
260 80
261 483
261 370
261 353
261 395
261 159
261 352
261 71
261 118
261 437
261 240
261 269
261 197
261 57
261 346
262 296
262 366
262 342
262 352
262 6
262 58
262 62
262 226
262 228
262 385
262 528
262 40
262 319
262 16
263 448
263 14
263 350
263 16
263 420
263 352
263 391
263 119
263 413
263 274
263 313
263 271
263 228
263 23
264 226
264 16
264 348
264 33
264 368
264 23
264 319
264 382
264 208
264 425
264 228
264 271
264 144
264 272
265 504
265 84
265 316
265 281
265 370
265 483
265 70
265 412
265 375
265 98
265 369
265 337
265 299
265 215
266 366
266 204
266 177
266 352
266 488
266 334
266 278
266 313
266 6
266 123
266 476
266 453
266 103
266 530
267 228
267 307
267 19
267 443
267 441
267 413
267 382
267 333
267 274
267 271
267 23
267 362
267 263
267 197
268 391
268 352
268 39
268 327
268 195
268 457
268 134
268 394
268 413
268 428
268 7
268 423
268 419
268 46
269 6
269 253
269 352
269 448
269 23
269 457
269 459
269 33
269 279
269 313
269 11
269 16
269 391
269 485
270 401
270 443
270 344
270 16
270 307
270 279
270 313
270 404
270 119
270 189
270 274
270 197
270 104
270 333
271 307
271 333
271 246
271 54
271 228
271 319
271 516
271 23
271 16
271 382
271 528
271 529
271 226
271 274
272 333
272 448
272 23
272 208
272 348
272 279
272 119
272 319
272 529
272 342
272 528
272 16
272 22
272 33
273 103
273 178
273 23
273 300
273 366
273 459
273 238
273 391
273 323
273 119
273 16
273 352
273 62
273 420
274 246
274 362
274 119
274 319
274 16
274 228
274 328
274 271
274 279
274 33
274 23
274 19
274 333
274 448
275 320
275 391
275 22
275 313
275 16
275 103
275 241
275 228
275 459
275 342
275 23
275 528
275 319
275 119
276 33
276 353
276 23
276 22
276 144
276 505
276 84
276 274
276 16
276 226
276 319
276 271
276 333
276 19
277 419
277 103
277 135
277 134
277 228
277 352
277 307
277 476
277 459
277 16
277 119
277 448
277 6
277 23
278 385
278 23
278 320
278 339
278 528
278 319
278 28
278 228
278 300
278 16
278 476
278 342
278 529
278 6
279 313
279 33
279 529
279 300
279 228
279 448
279 342
279 23
279 208
279 6
279 119
279 391
279 16
279 274
280 516
280 208
280 328
280 391
280 197
280 448
280 19
280 413
280 362
280 23
280 319
280 274
280 271
280 279
281 345
281 264
281 272
281 353
281 118
281 408
281 425
281 144
281 369
281 57
281 84
281 206
281 253
281 437
282 485
282 320
282 342
282 103
282 6
282 16
282 350
282 459
282 508
282 90
282 241
282 420
282 23
282 339
283 269
283 391
283 124
283 352
283 253
283 419
283 23
283 423
283 271
283 413
283 7
283 436
283 332
283 197
284 23
284 320
284 241
284 527
284 9
284 16
284 90
284 119
284 103
284 228
284 342
284 529
284 6
284 385
285 94
285 33
285 187
285 226
285 429
285 437
285 353
285 251
285 19
285 84
285 333
285 375
285 299
285 448
286 279
286 352
286 348
286 269
286 528
286 425
286 58
286 437
286 368
286 118
286 272
286 264
286 144
286 238
287 321
287 247
287 503
287 506
287 445
287 379
287 281
287 53
287 144
287 377
287 353
287 425
287 408
287 437
288 336
288 476
288 385
288 62
288 18
288 386
288 420
288 40
288 313
288 352
288 119
288 63
288 6
288 366
289 307
289 23
289 246
289 516
289 33
289 333
289 344
289 197
289 271
289 429
289 448
289 279
289 253
289 274
290 62
290 488
290 419
290 119
290 7
290 40
290 420
290 352
290 338
290 39
290 313
290 413
290 63
290 288
291 119
291 448
291 228
291 300
291 352
291 16
291 134
291 339
291 279
291 23
291 342
291 28
291 385
291 6
292 320
292 319
292 14
292 529
292 404
292 6
292 228
292 459
292 16
292 103
292 342
292 528
292 391
292 23
293 448
293 137
293 104
293 84
293 421
293 197
293 118
293 253
293 439
293 245
293 98
293 269
293 299
293 436
294 265
294 451
294 516
294 446
294 98
294 215
294 316
294 137
294 504
294 346
294 70
294 369
294 375
294 309
295 119
295 319
295 240
295 19
295 352
295 342
295 103
295 238
295 23
295 459
295 6
295 508
295 320
295 350
296 319
296 391
296 54
296 279
296 352
296 16
296 28
296 342
296 22
296 23
296 528
296 529
296 208
296 228
297 419
297 195
297 423
297 194
297 67
297 64
297 124
297 14
297 394
297 457
297 314
297 13
297 357
297 381
298 492
298 369
298 224
298 127
298 388
298 400
298 423
298 142
298 359
298 94
298 281
298 226
298 413
298 462
299 144
299 19
299 271
299 226
299 84
299 437
299 253
299 333
299 448
299 353
299 272
299 33
299 375
299 251
300 352
300 241
300 529
300 341
300 350
300 228
300 485
300 448
300 339
300 459
300 23
300 342
300 16
300 6
301 228
301 117
301 382
301 33
301 23
301 58
301 226
301 448
301 319
301 272
301 368
301 333
301 208
301 348
302 134
302 300
302 39
302 448
302 313
302 307
302 5
302 279
302 274
302 350
302 413
302 23
302 238
302 178
303 373
303 195
303 37
303 423
303 75
303 419
303 474
303 394
303 436
303 151
303 152
303 46
303 67
303 390
304 528
304 228
304 117
304 296
304 6
304 22
304 342
304 246
304 472
304 118
304 334
304 385
304 208
304 58
305 119
305 342
305 33
305 253
305 238
305 339
305 319
305 6
305 23
305 448
305 352
305 459
305 300
305 178
306 271
306 19
306 425
306 251
306 139
306 333
306 437
306 208
306 353
306 84
306 272
306 118
306 506
306 144
307 246
307 271
307 352
307 416
307 300
307 333
307 279
307 391
307 119
307 319
307 16
307 448
307 228
307 23
308 388
308 15
308 495
308 238
308 203
308 39
308 17
308 5
308 352
308 419
308 219
308 46
308 457
308 357
309 285
309 269
309 137
309 516
309 353
309 375
309 245
309 483
309 197
309 98
309 299
309 215
309 446
309 369
310 319
310 382
310 264
310 6
310 208
310 23
310 333
310 335
310 441
310 348
310 351
310 228
310 16
310 226
311 189
311 342
311 339
311 241
311 16
311 459
311 319
311 448
311 253
311 476
311 508
311 23
311 6
311 33
312 476
312 336
312 529
312 319
312 11
312 448
312 350
312 16
312 178
312 307
312 279
312 300
312 6
312 23
313 103
313 404
313 459
313 238
313 119
313 342
313 352
313 448
313 391
313 6
313 16
313 279
313 253
313 23
314 253
314 103
314 395
314 352
314 300
314 420
314 416
314 394
314 459
314 14
314 3
314 134
314 457
314 6
315 403
315 485
315 16
315 320
315 228
315 103
315 6
315 88
315 23
315 459
315 352
315 420
315 204
315 391
316 127
316 158
316 437
316 179
316 159
316 413
316 492
316 39
316 98
316 57
316 269
316 423
316 408
316 281
317 391
317 457
317 508
317 313
317 420
317 352
317 320
317 241
317 328
317 16
317 119
317 103
317 342
317 23
318 476
318 33
318 178
318 6
318 269
318 395
318 139
318 483
318 104
318 238
318 429
318 98
318 25
318 313
319 226
319 271
319 448
319 6
319 33
319 342
319 391
319 16
319 228
319 28
319 382
319 528
319 529
319 23
320 350
320 300
320 341
320 459
320 228
320 103
320 508
320 241
320 6
320 529
320 391
320 16
320 342
320 23
321 345
321 306
321 81
321 264
321 437
321 144
321 441
321 84
321 53
321 287
321 425
321 353
321 57
321 506
322 187
322 281
322 84
322 408
322 333
322 441
322 53
322 437
322 362
322 345
322 353
322 425
322 19
322 271
323 178
323 476
323 52
323 241
323 103
323 391
323 23
323 6
323 352
323 342
323 16
323 320
323 420
323 119
324 359
324 357
324 423
324 67
324 179
324 428
324 13
324 134
324 269
324 419
324 46
324 5
324 24
324 195
325 419
325 391
325 319
325 421
325 307
325 313
325 23
325 279
325 238
325 240
325 271
325 448
325 246
325 16
326 16
326 323
326 448
326 240
326 253
326 269
326 313
326 6
326 352
326 395
326 508
326 459
326 103
326 334
327 528
327 54
327 263
327 313
327 203
327 39
327 381
327 5
327 269
327 457
327 419
327 413
327 352
327 391
328 103
328 28
328 529
328 320
328 448
328 6
328 342
328 319
328 119
328 228
328 391
328 274
328 23
328 16
329 25
329 476
329 178
329 448
329 238
329 253
329 6
329 459
329 313
329 307
329 23
329 421
329 508
329 391
330 472
330 352
330 359
330 204
330 459
330 319
330 312
330 23
330 16
330 103
330 178
330 508
330 6
330 336
331 14
331 16
331 332
331 135
331 476
331 342
331 459
331 269
331 6
331 23
331 352
331 420
331 457
331 485
332 134
332 342
332 103
332 34
332 178
332 352
332 366
332 508
332 476
332 485
332 391
332 23
332 6
332 420
333 84
333 505
333 228
333 23
333 33
333 448
333 348
333 319
333 382
333 307
333 226
333 271
333 274
333 19
334 178
334 366
334 228
334 485
334 339
334 6
334 508
334 103
334 342
334 320
334 23
334 459
334 300
334 16
335 341
335 6
335 529
335 208
335 391
335 22
335 28
335 319
335 272
335 23
335 16
335 119
335 342
335 228
336 385
336 103
336 320
336 334
336 342
336 228
336 23
336 352
336 366
336 119
336 16
336 178
336 6
336 300
337 472
337 28
337 348
337 6
337 144
337 226
337 369
337 319
337 483
337 208
337 84
337 353
337 251
337 33
338 439
338 339
338 334
338 488
338 385
338 313
338 240
338 420
338 6
338 352
338 288
338 336
338 386
338 40
339 103
339 228
339 529
339 459
339 28
339 16
339 508
339 342
339 448
339 476
339 6
339 33
339 300
339 23
340 46
340 343
340 63
340 332
340 327
340 149
340 313
340 395
340 352
340 357
340 423
340 269
340 389
340 134
341 119
341 178
341 529
341 352
341 228
341 23
341 241
341 342
341 391
341 16
341 320
341 28
341 6
341 300
342 103
342 459
342 339
342 22
342 23
342 241
342 228
342 6
342 320
342 16
342 119
342 529
342 28
342 300
343 6
343 419
343 352
343 391
343 134
343 16
343 119
343 203
343 62
343 23
343 342
343 54
343 178
343 459
344 16
344 228
344 448
344 300
344 178
344 6
344 350
344 342
344 104
344 352
344 11
344 508
344 23
344 391
345 16
345 319
345 226
345 437
345 33
345 271
345 22
345 144
345 84
345 19
345 425
345 333
345 353
345 272
346 208
346 253
346 54
346 197
346 279
346 445
346 437
346 274
346 272
346 271
346 425
346 333
346 33
346 353
347 179
347 518
347 118
347 408
347 109
347 492
347 166
347 233
347 261
347 57
347 352
347 363
347 219
347 457
348 84
348 382
348 307
348 22
348 16
348 246
348 33
348 228
348 28
348 333
348 448
348 319
348 272
348 208
349 134
349 5
349 352
349 359
349 39
349 214
349 323
349 119
349 203
349 419
349 23
349 52
349 457
349 391
350 339
350 241
350 529
350 391
350 279
350 448
350 16
350 342
350 300
350 6
350 508
350 178
350 320
350 23
351 339
351 319
351 28
351 300
351 6
351 208
351 228
351 23
351 279
351 16
351 342
351 19
351 350
351 22
352 241
352 420
352 6
352 119
352 391
352 23
352 342
352 103
352 485
352 459
352 457
352 529
352 16
352 300
353 22
353 382
353 53
353 319
353 272
353 333
353 226
353 271
353 437
353 33
353 144
353 345
353 84
353 425
354 253
354 319
354 269
354 459
354 6
354 352
354 16
354 23
354 416
354 307
354 313
354 119
354 228
354 391
355 197
355 58
355 264
355 382
355 344
355 359
355 328
355 333
355 226
355 178
355 245
355 435
355 508
355 421
356 23
356 253
356 288
356 323
356 385
356 134
356 52
356 313
356 6
356 71
356 342
356 40
356 420
356 103
357 119
357 420
357 272
357 238
357 241
357 485
357 403
357 352
357 391
357 457
357 16
357 459
357 23
357 269
358 8
358 320
358 17
358 421
358 388
358 90
358 495
358 13
358 420
358 317
358 62
358 234
358 357
358 457
359 352
359 420
359 103
359 350
359 342
359 404
359 23
359 253
359 228
359 119
359 134
359 178
359 313
359 6
360 151
360 359
360 269
360 7
360 413
360 419
360 313
360 253
360 179
360 30
360 98
360 134
360 137
360 423
361 189
361 448
361 339
361 23
361 313
361 253
361 6
361 344
361 119
361 300
361 459
361 352
361 421
361 178
362 350
362 228
362 208
362 345
362 19
362 274
362 333
362 23
362 16
362 279
362 441
362 443
362 448
362 271
363 368
363 342
363 33
363 485
363 17
363 16
363 352
363 391
363 459
363 457
363 269
363 23
363 119
363 508
364 208
364 425
364 421
364 240
364 245
364 238
364 189
364 476
364 401
364 118
364 226
364 333
364 119
364 359
365 116
365 420
365 94
365 352
365 33
365 238
365 413
365 311
365 436
365 25
365 269
365 253
365 375
365 299
366 391
366 178
366 508
366 339
366 385
366 16
366 228
366 103
366 319
366 320
366 23
366 342
366 300
366 6
367 429
367 353
367 33
367 253
367 289
367 281
367 337
367 84
367 370
367 375
367 269
367 98
367 215
367 437
368 345
368 28
368 23
368 22
368 16
368 264
368 319
368 228
368 226
368 208
368 33
368 348
368 144
368 272
369 19
369 264
369 144
369 208
369 345
369 33
369 382
369 274
369 333
369 84
369 271
369 425
369 353
369 226
370 351
370 253
370 429
370 19
370 274
370 251
370 421
370 208
370 33
370 437
370 368
370 448
370 84
370 279
371 383
371 421
371 488
371 184
371 253
371 177
371 313
371 269
371 436
371 63
371 386
371 3
371 395
371 423
372 457
372 328
372 413
372 352
372 313
372 419
372 178
372 253
372 319
372 203
372 238
372 23
372 394
372 391
373 238
373 11
373 352
373 13
373 39
373 394
373 240
373 423
373 343
373 46
373 269
373 134
373 390
373 436
374 8
374 313
374 12
374 363
374 39
374 5
374 343
374 352
374 357
374 395
374 457
374 203
374 204
374 17
375 333
375 274
375 19
375 84
375 271
375 448
375 299
375 369
375 253
375 437
375 279
375 353
375 516
375 33
376 307
376 467
376 135
376 13
376 352
376 457
376 142
376 269
376 114
376 485
376 80
376 31
376 88
376 315
377 375
377 206
377 299
377 187
377 503
377 281
377 224
377 506
377 408
377 38
377 353
377 144
377 287
377 437
378 123
378 62
378 421
378 249
378 288
378 179
378 355
378 269
378 380
378 63
378 416
378 419
378 459
378 88
379 57
379 408
379 437
379 144
379 345
379 348
379 272
379 160
379 264
379 425
379 81
379 114
379 353
379 506
380 246
380 352
380 88
380 178
380 476
380 139
380 118
380 84
380 251
380 6
380 421
380 448
380 253
380 319
381 25
381 203
381 420
381 508
381 352
381 103
381 178
381 23
381 457
381 459
381 134
381 39
381 269
381 300
382 307
382 348
382 529
382 16
382 448
382 226
382 28
382 246
382 228
382 319
382 333
382 528
382 23
382 271
383 386
383 448
383 476
383 63
383 253
383 413
383 269
383 420
383 23
383 313
383 323
383 359
383 103
383 352
384 420
384 391
384 530
384 320
384 410
384 6
384 476
384 508
384 63
384 332
384 323
384 366
384 103
384 339
385 119
385 352
385 40
385 28
385 62
385 366
385 529
385 339
385 23
385 300
385 16
385 228
385 342
385 6
386 385
386 334
386 104
386 339
386 476
386 336
386 352
386 453
386 6
386 300
386 288
386 366
386 421
386 68
387 336
387 307
387 240
387 505
387 226
387 441
387 362
387 425
387 345
387 271
387 437
387 274
387 333
387 19
388 436
388 313
388 124
388 63
388 8
388 420
388 253
388 62
388 352
388 357
388 17
388 457
388 363
388 311
389 134
389 203
389 419
389 420
389 178
389 352
389 391
389 119
389 124
389 394
389 5
389 459
389 457
389 23
390 357
390 16
390 403
390 271
390 240
390 307
390 77
390 436
390 238
390 269
390 39
390 352
390 419
390 485
391 241
391 279
391 352
391 320
391 28
391 103
391 319
391 119
391 23
391 16
391 228
391 6
391 529
391 342
392 420
392 238
392 439
392 421
392 103
392 339
392 508
392 16
392 63
392 366
392 23
392 313
392 6
392 476
393 350
393 342
393 279
393 23
393 103
393 334
393 118
393 19
393 320
393 6
393 253
393 208
393 241
393 352
394 313
394 413
394 391
394 389
394 178
394 419
394 307
394 31
394 119
394 23
394 328
394 423
394 14
394 352
395 448
395 334
395 352
395 459
395 269
395 16
395 119
395 238
395 313
395 6
395 11
395 240
395 23
395 279
396 445
396 401
396 413
396 279
396 271
396 353
396 419
396 313
396 50
396 437
396 253
396 333
396 375
396 408
397 413
397 231
397 258
397 313
397 140
397 351
397 55
397 41
397 421
397 19
397 443
397 362
397 505
397 274
398 28
398 505
398 119
398 333
398 319
398 279
398 274
398 448
398 529
398 391
398 16
398 271
398 23
398 307
399 370
399 187
399 285
399 353
399 337
399 437
399 425
399 369
399 299
399 84
399 215
399 367
399 503
399 375
400 369
400 333
400 251
400 346
400 281
400 144
400 408
400 84
400 33
400 345
400 299
400 253
400 437
400 353
401 333
401 11
401 39
401 342
401 238
401 391
401 419
401 274
401 313
401 352
401 23
401 119
401 279
401 16
402 445
402 459
402 436
402 439
402 363
402 334
402 429
402 446
402 25
402 269
402 245
402 43
402 395
402 421
403 357
403 271
403 528
403 459
403 241
403 238
403 54
403 391
403 272
403 23
403 279
403 529
403 16
403 352
404 352
404 16
404 228
404 23
404 28
404 448
404 253
404 6
404 246
404 313
404 391
404 529
404 119
404 300
405 283
405 340
405 152
405 423
405 249
405 39
405 75
405 151
405 413
405 360
405 7
405 137
405 46
405 30
406 307
406 352
406 394
406 271
406 134
406 11
406 263
406 23
406 359
406 419
406 413
406 313
406 14
406 52
407 204
407 394
407 354
407 24
407 488
407 30
407 313
407 106
407 332
407 137
407 288
407 283
407 40
407 7
408 264
408 403
408 271
408 425
408 144
408 437
408 345
408 253
408 369
408 281
408 272
408 353
408 54
408 57
409 19
409 334
409 279
409 523
409 421
409 23
409 476
409 448
409 313
409 103
409 6
409 459
409 246
409 339
410 485
410 391
410 342
410 385
410 476
410 420
410 103
410 384
410 366
410 16
410 352
410 23
410 6
410 323
411 313
411 88
411 6
411 288
411 139
411 336
411 429
411 63
411 328
411 366
411 204
411 359
411 94
411 178
412 245
412 367
412 437
412 448
412 388
412 436
412 370
412 215
412 375
412 299
412 253
412 251
412 98
412 269
413 240
413 263
413 395
413 11
413 391
413 352
413 119
413 271
413 274
413 279
413 419
413 39
413 23
413 313
414 279
414 19
414 459
414 253
414 269
414 272
414 238
414 299
414 307
414 208
414 333
414 421
414 448
414 352
415 333
415 319
415 448
415 84
415 228
415 385
415 369
415 271
415 208
415 370
415 362
415 274
415 226
415 375
416 485
416 459
416 342
416 529
416 352
416 6
416 391
416 307
416 16
416 119
416 23
416 300
416 228
416 28
417 344
417 395
417 269
417 457
417 391
417 63
417 179
417 134
417 5
417 394
417 178
417 389
417 343
417 413
418 214
418 6
418 274
418 119
418 391
418 328
418 28
418 279
418 228
418 134
418 23
418 313
418 16
418 307
419 319
419 11
419 228
419 54
419 459
419 23
419 119
419 16
419 313
419 271
419 240
419 52
419 391
419 352
420 320
420 90
420 103
420 352
420 16
420 119
420 342
420 485
420 459
420 457
420 23
420 241
420 6
420 391
421 328
421 33
421 300
421 178
421 485
421 352
421 339
421 119
421 459
421 16
421 342
421 448
421 6
421 23
422 357
422 24
422 269
422 204
422 403
422 125
422 97
422 383
422 234
422 88
422 343
422 428
422 392
422 179
423 277
423 436
423 391
423 124
423 119
423 307
423 23
423 313
423 413
423 352
423 39
423 419
423 5
423 394
424 338
424 269
424 414
424 413
424 39
424 288
424 361
424 352
424 386
424 421
424 432
424 238
424 439
424 313
425 441
425 54
425 353
425 84
425 19
425 274
425 264
425 437
425 226
425 272
425 271
425 345
425 333
425 144
426 6
426 363
426 241
426 459
426 395
426 485
426 457
426 352
426 508
426 334
426 238
426 62
426 204
426 16
427 459
427 34
427 285
427 299
427 439
427 269
427 215
427 370
427 380
427 526
427 423
427 421
427 94
427 436
428 124
428 391
428 179
428 394
428 103
428 268
428 389
428 5
428 203
428 419
428 457
428 343
428 352
428 195
429 246
429 19
429 33
429 300
429 339
429 6
429 84
429 333
429 253
429 23
429 279
429 307
429 178
429 448
430 8
430 6
430 243
430 62
430 459
430 134
430 90
430 203
430 23
430 336
430 103
430 420
430 204
430 359
431 516
431 14
431 299
431 420
431 462
431 359
431 245
431 413
431 375
431 90
431 253
431 311
431 508
431 269
432 62
432 16
432 391
432 333
432 139
432 208
432 253
432 6
432 319
432 307
432 313
432 119
432 23
432 419
433 137
433 309
433 7
433 436
433 423
433 70
433 452
433 451
433 179
433 446
433 230
433 400
433 159
433 353
434 334
434 350
434 429
434 39
434 23
434 22
434 119
434 19
434 479
434 328
434 421
434 459
434 307
434 178
435 448
435 516
435 382
435 528
435 14
435 23
435 19
435 253
435 296
435 319
435 404
435 228
435 271
435 58
436 313
436 419
436 485
436 459
436 80
436 448
436 279
436 352
436 253
436 391
436 457
436 23
436 269
436 238
437 448
437 57
437 84
437 253
437 33
437 408
437 272
437 345
437 425
437 187
437 19
437 353
437 333
437 144
438 94
438 269
438 189
438 325
438 307
438 280
438 23
438 429
438 104
438 25
438 178
438 271
438 413
438 197
439 269
439 119
439 448
439 395
439 6
439 103
439 238
439 459
439 352
439 313
439 421
439 339
439 23
439 485
440 334
440 104
440 23
440 421
440 342
440 395
440 189
440 352
440 16
440 359
440 313
440 228
440 52
440 119
441 404
441 425
441 271
441 319
441 391
441 382
441 333
441 228
441 208
441 274
441 23
441 19
441 307
441 246
442 516
442 274
442 369
442 437
442 84
442 353
442 197
442 271
442 53
442 425
442 382
442 333
442 441
442 226
443 197
443 274
443 226
443 505
443 271
443 119
443 16
443 333
443 362
443 413
443 23
443 307
443 328
443 391
444 41
444 413
444 43
444 232
444 394
444 490
444 204
444 457
444 436
444 363
444 460
444 269
444 423
444 124
445 441
445 272
445 226
445 264
445 271
445 333
445 346
445 274
445 425
445 437
445 197
445 279
445 144
445 19
446 370
446 280
446 299
446 395
446 363
446 226
446 437
446 516
446 253
446 375
446 33
446 271
446 197
446 116
447 103
447 352
447 62
447 228
447 342
447 319
447 459
447 300
447 385
447 16
447 528
447 529
447 6
447 23
448 253
448 208
448 459
448 6
448 319
448 339
448 228
448 300
448 23
448 307
448 246
448 33
448 16
448 279
449 380
449 264
449 44
449 332
449 178
449 253
449 118
449 245
449 473
449 63
449 472
449 13
449 307
449 315
450 529
450 342
450 382
450 226
450 328
450 23
450 16
450 459
450 319
450 272
450 528
450 33
450 119
450 341
451 226
451 369
451 271
451 359
451 415
451 375
451 516
451 94
451 197
451 309
451 280
451 74
451 137
451 413
452 263
452 359
452 419
452 94
452 406
452 413
452 74
452 490
452 394
452 7
452 516
452 137
452 423
452 271
453 385
453 366
453 103
453 119
453 529
453 300
453 342
453 228
453 404
453 448
453 16
453 339
453 28
453 6
454 69
454 406
454 303
454 498
454 297
454 111
454 184
454 194
454 73
454 394
454 64
454 314
454 269
454 96
455 134
455 39
455 485
455 476
455 269
455 189
455 63
455 419
455 352
455 336
455 288
455 385
455 204
455 240
456 457
456 352
456 208
456 253
456 16
456 23
456 6
456 391
456 14
456 313
456 528
456 238
456 279
456 119
457 320
457 342
457 6
457 203
457 420
457 241
457 23
457 352
457 269
457 103
457 485
457 16
457 459
457 391
458 271
458 344
458 453
458 352
458 119
458 23
458 419
458 313
458 197
458 52
458 274
458 401
458 413
458 263
459 33
459 103
459 508
459 529
459 178
459 241
459 300
459 6
459 352
459 485
459 23
459 16
459 448
459 342
460 119
460 204
460 23
460 357
460 457
460 419
460 352
460 307
460 269
460 459
460 485
460 421
460 448
460 313
461 253
461 63
461 380
461 366
461 383
461 386
461 472
461 216
461 233
461 336
461 312
461 462
461 367
461 476
462 382
462 296
462 516
462 336
462 177
462 359
462 271
462 23
462 246
462 425
462 142
462 226
462 14
462 74
463 518
463 269
463 383
463 359
463 457
463 343
463 352
463 459
463 63
463 103
463 381
463 420
463 395
463 90
464 300
464 485
464 16
464 23
464 339
464 529
464 103
464 178
464 476
464 459
464 241
464 342
464 352
464 6
465 338
465 411
465 462
465 19
465 9
465 262
465 71
465 334
465 461
465 336
465 472
465 359
465 333
465 235
466 350
466 103
466 448
466 320
466 459
466 366
466 464
466 139
466 342
466 508
466 339
466 6
466 178
466 476
467 508
467 419
467 8
467 420
467 352
467 251
467 134
467 103
467 332
467 459
467 334
467 485
467 457
467 6
468 452
468 283
468 490
468 7
468 457
468 314
468 194
468 376
468 268
468 47
468 96
468 331
468 80
468 95
469 119
469 278
469 288
469 269
469 352
469 228
469 382
469 40
469 354
469 416
469 132
469 307
469 16
469 62
470 203
470 528
470 271
470 142
470 394
470 5
470 420
470 243
470 195
470 457
470 124
470 54
470 14
470 403
471 214
471 348
471 528
471 441
471 382
471 177
471 271
471 226
471 353
471 144
471 228
471 307
471 333
471 319
472 300
472 28
472 253
472 16
472 33
472 342
472 246
472 448
472 339
472 23
472 476
472 6
472 319
472 144
473 16
473 333
473 352
473 391
473 441
473 328
473 421
473 23
473 246
473 448
473 307
473 119
473 271
473 274
474 31
474 423
474 459
474 357
474 436
474 14
474 159
474 303
474 135
474 352
474 403
474 269
474 80
474 457
475 412
475 332
475 413
475 299
475 421
475 251
475 414
475 448
475 253
475 370
475 439
475 94
475 269
475 245
476 228
476 485
476 319
476 459
476 33
476 23
476 448
476 103
476 529
476 391
476 339
476 16
476 6
476 342
477 410
477 472
477 508
477 385
477 103
477 6
477 366
477 395
477 288
477 63
477 312
477 336
477 334
477 330
478 23
478 320
478 288
478 419
478 420
478 238
478 123
478 6
478 103
478 352
478 476
478 88
478 63
478 204
479 352
479 6
479 336
479 119
479 334
479 16
479 33
479 23
479 459
479 300
479 103
479 485
479 178
479 342
480 385
480 319
480 382
480 142
480 485
480 144
480 476
480 23
480 16
480 226
480 528
480 529
480 6
480 352
481 448
481 279
481 11
481 5
481 436
481 307
481 12
481 14
481 344
481 71
481 269
481 421
481 391
481 395
482 94
482 503
482 233
482 425
482 429
482 287
482 437
482 251
482 253
482 353
482 306
482 84
482 400
482 299
483 404
483 352
483 118
483 288
483 476
483 6
483 58
483 189
483 337
483 530
483 453
483 313
483 305
483 253
484 135
484 6
484 457
484 341
484 391
484 203
484 459
484 16
484 103
484 241
484 352
484 23
484 420
484 342
485 33
485 119
485 420
485 6
485 352
485 391
485 16
485 342
485 228
485 459
485 23
485 529
485 476
485 300
486 16
486 6
486 485
486 350
486 420
486 300
486 253
486 313
486 11
486 23
486 71
486 63
486 119
486 352
487 203
487 343
487 204
487 457
487 495
487 134
487 419
487 14
487 195
487 5
487 352
487 64
487 403
487 109
488 134
488 119
488 300
488 313
488 404
488 207
488 342
488 530
488 485
488 40
488 6
488 352
488 386
488 420
489 63
489 439
489 103
489 327
489 5
489 419
489 203
489 332
489 273
489 391
489 457
489 394
489 420
489 352
490 14
490 228
490 307
490 485
490 269
490 16
490 413
490 419
490 300
490 23
490 240
490 352
490 459
490 279
491 139
491 319
491 240
491 14
491 23
491 382
491 459
491 271
491 413
491 11
491 419
491 528
491 516
491 228
492 391
492 421
492 403
492 476
492 420
492 189
492 253
492 359
492 178
492 457
492 23
492 33
492 134
492 352
493 337
493 345
493 368
493 118
493 81
493 206
493 45
493 144
493 379
493 369
493 353
493 506
493 84
493 306
494 391
494 403
494 344
494 485
494 204
494 439
494 392
494 269
494 508
494 421
494 457
494 232
494 357
494 135
495 529
495 528
495 90
495 457
495 320
495 391
495 103
495 420
495 352
495 342
495 23
495 241
495 341
495 16
496 472
496 464
496 352
496 508
496 63
496 420
496 385
496 366
496 178
496 6
496 476
496 90
496 381
496 103
497 352
497 139
497 508
497 323
497 103
497 90
497 6
497 300
497 342
497 366
497 16
497 529
497 385
497 339
498 484
498 352
498 457
498 419
498 420
498 416
498 459
498 134
498 228
498 28
498 528
498 16
498 14
498 23
499 332
499 23
499 323
499 419
499 203
499 457
499 315
499 63
499 44
499 394
499 204
499 391
499 134
499 420
500 403
500 342
500 134
500 241
500 124
500 341
500 528
500 495
500 359
500 23
500 527
500 420
500 90
500 5
501 226
501 425
501 251
501 33
501 448
501 208
501 353
501 285
501 19
501 53
501 84
501 245
501 375
501 299
502 240
502 28
502 457
502 352
502 342
502 391
502 459
502 241
502 16
502 54
502 528
502 529
502 14
502 23
503 311
503 425
503 144
503 84
503 19
503 279
503 299
503 375
503 346
503 437
503 353
503 187
503 333
503 281
504 353
504 19
504 404
504 313
504 395
504 94
504 189
504 271
504 448
504 238
504 299
504 476
504 429
504 197
505 328
505 319
505 272
505 23
505 448
505 33
505 131
505 22
505 16
505 226
505 119
505 19
505 274
505 333
506 348
506 306
506 187
506 333
506 379
506 437
506 84
506 118
506 353
506 345
506 81
506 425
506 144
506 272
507 288
507 424
507 63
507 352
507 530
507 206
507 483
507 29
507 229
507 488
507 338
507 515
507 286
507 238
508 344
508 448
508 178
508 342
508 459
508 241
508 350
508 103
508 339
508 23
508 300
508 16
508 320
508 6
509 384
509 241
509 23
509 320
509 457
509 508
509 269
509 334
509 90
509 109
509 311
509 395
509 103
509 352
510 320
510 380
510 238
510 476
510 139
510 306
510 311
510 457
510 363
510 17
510 508
510 459
510 269
510 251
511 273
511 69
511 386
511 527
511 420
511 99
511 323
511 269
511 457
511 194
511 288
511 453
511 381
511 63
512 382
512 285
512 345
512 251
512 311
512 425
512 84
512 253
512 516
512 197
512 19
512 245
512 333
512 437
513 6
513 228
513 139
513 334
513 508
513 320
513 90
513 352
513 476
513 459
513 16
513 103
513 145
513 189
514 391
514 420
514 320
514 352
514 459
514 529
514 357
514 103
514 457
514 518
514 16
514 528
514 241
514 23
515 241
515 386
515 420
515 16
515 269
515 485
515 313
515 320
515 6
515 253
515 339
515 71
515 404
515 352
516 251
516 352
516 197
516 274
516 74
516 23
516 313
516 271
516 253
516 448
516 528
516 382
516 33
516 228
517 152
517 103
517 457
517 439
517 63
517 384
517 204
517 485
517 339
517 305
517 134
517 269
517 386
517 459
518 6
518 391
518 178
518 16
518 135
518 476
518 420
518 238
518 241
518 459
518 457
518 23
518 508
518 352
519 413
519 383
519 352
519 353
519 369
519 516
519 251
519 253
519 437
519 483
519 528
519 281
519 271
519 299
520 68
520 135
520 464
520 421
520 352
520 305
520 114
520 366
520 488
520 300
520 386
520 269
520 64
520 485
521 203
521 420
521 238
521 313
521 39
521 23
521 419
521 381
521 357
521 457
521 391
521 459
521 485
521 269
522 23
522 419
522 320
522 6
522 385
522 528
522 420
522 88
522 135
522 16
522 359
522 228
522 134
522 352
523 459
523 476
523 421
523 529
523 313
523 16
523 472
523 342
523 246
523 339
523 23
523 6
523 279
523 448
524 309
524 137
524 197
524 333
524 53
524 501
524 321
524 245
524 353
524 226
524 369
524 451
524 84
524 443
525 16
525 63
525 391
525 135
525 23
525 413
525 354
525 453
525 459
525 420
525 238
525 241
525 313
525 300
526 279
526 274
526 253
526 459
526 178
526 476
526 439
526 448
526 380
526 177
526 269
526 6
526 139
526 421
527 385
527 178
527 320
527 529
527 459
527 228
527 391
527 23
527 103
527 241
527 16
527 6
527 300
527 342
528 272
528 382
528 58
528 241
528 23
528 342
528 319
528 228
528 28
528 16
528 22
528 529
528 391
528 271
529 119
529 241
529 103
529 22
529 319
529 300
529 391
529 528
529 228
529 6
529 23
529 28
529 342
529 16
530 352
530 62
530 366
530 529
530 103
530 300
530 319
530 16
530 28
530 476
530 342
530 23
530 6
530 228
531 62
531 391
531 103
531 529
531 341
531 342
531 23
531 300
531 16
531 320
531 420
531 228
531 530
531 6
